6123
5420
4686
4650
4330
4240
3896
3857
3828
3681
3553
3546
3530
3460
3437
3390
3355
3311
3222
3212
3178
3156
3123
3098
3082
3054
2986
2974
2890
2843
2784
2778
2703
2680
2665
2642
2623
2607
2580
2560
2556
2541
2490
2465
2460
2456
2424
2424
2423
2423
2420
2375
2327
2309
2303
2302
2300
2279
2268
2245
2232
2227
2227
2218
2206
2194
2148
2112
2015
2014
2006
2004
1964
1963
1900
1892
1888
1884
1870
1834
1794
1782
1778
1750
1726
1714
1707
1696
1682
1670
1665
1656
1649
1645
1616
1608
1586
1563
1562
1547
1542
1541
1532
1527
1520
1520
1513
1503
1503
1486
1484
1478
1464
1458
1446
1444
1435
1425
1410
1397
1384
1378
1367
1367
1356
1354
1351
1350
1344
1341
1335
1325
1321
1318
1313
1313
1312
1306
1294
1274
1272
1256
1243
1180
1174
1170
1170
1157
1147
1143
1139
1139
1139
1127
1081
1080
1079
1078
1078
1078
1072
1066
1060
1045
1042
1036
1026
1006
1005
992
979
952
950
942
938
938
935
924
922
920
920
915
914
906
884
871
871
866
864
858
850
826
823
817
808
808
808
804
804
800
792
791
772
772
764
741
737
737
737
734
730
705
676
676
670
670
666
664
656
648
639
634
610
608
604
603
602
599
594
592
588
540
540
540
540
540
536
536
536
536
536
533
532
532
532
532
531
530
526
516
500
488
473
469
469
469
469
466
466
466
457
455
451
439
408
408
406
402
402
402
402
402
402
393
382
382
382
381
378
375
374
348
346
342
339
339
339
339
336
335
335
335
335
335
335
335
335
335
335
334
330
327
326
326
322
321
304
300
295
290
289
285
285
285
285
277
277
273
272
272
272
272
272
272
272
268
268
268
268
268
268
268
268
268
268
268
268
268
268
268
268
268
268
268
268
268
268
268
268
268
268
268
268
268
268
268
268
268
268
268
268
268
268
268
268
264
264
264
264
264
264
264
264
264
264
252
252
252
248
244
240
236
232
232
228
228
228
228
228
100
45
45
45
40
36
36
36
36
36
36
36
36
36
24
12
4
