0.9182898558448134
1.4375549574995337
1.9984545284979616
0.846012417064137
0.6844706760105518
0.7201097817687655
1.9534893016067576
6.076967145407552
0.5452450105251938
0.44498920834554606
1.3073223373924165
0.5595672679794292
0.8340216898931493
0.6621546004423247
0.5945402222281436
1.0435263396306855
2.1133656638865945
1.1227983692611048
0.8426816595166404
0.4679714354232727
0.6718137973300647
0.9835727037757468
0.8120386900796717
1.8582296357483545
0.6008686615683871
0.5945402222281436
4.648738309041009
0.5099389805217298
0.5412481014681979
0.7151136454475205
0.39436169362359774
0.34906339097764394
0.4709691172160196
0.3763756028671161
0.6901329638412961
0.30709584587918676
0.47996216259426044
0.46563990514002507
0.33374190625915956
0.574555676943164
0.7164459484665192
0.4116816328705801
0.65682538836633
0.35405952729888884
0.29876895201044523
0.4759652535372645
0.7860587812091983
1.1574382477550695
0.242146073703003
0.31209198220043166
0.380372511924112
0.5748887526979136
0.48795598070825225
0.3074289216339364
1.0222094913267075
0.33507420927815823
0.5752218284526633
0.3340749820139093
0.3001012550294439
0.8057102507394281
0.6405046763835966
0.36005489088438275
0.5815502677929069
0.5855471768499028
1.2180580351195076
0.3094273761624344
0.42433851155106717
0.5715579951504169
0.536251965146953
0.3167550427669269
0.44598843560979506
0.32574808814516776
0.19451624077380159
0.2847797703109595
0.3543926030536385
0.7903887660209438
0.22149537690852408
0.9409390071677901
0.259799088704735
0.2681259825734765
0.29210743691545205
0.24547683125049963
0.23281995257001253
0.3513949212608916
0.67647685789656
0.17619707426257028
0.42034160249407126
0.1508833169015961
0.1791947560553172
0.15554637746809133
0.5635641770364251
0.2298222707772656
0.27045751285672415
0.19818007407604787
0.4563137840070346
0.46863758693277197
0.24147992219350367
0.1835247408670628
0.24547683125049963
0.41967545098457193
0.310759679181433
0.4310000266460604
0.24680913426949827
0.16753710463907912
0.36172026965813103
0.1718670894508247
0.6032001918516348
0.34839723946814466
0.5489088438274401
0.3817048149431107
0.15288177143009407
0.25180527059074315
0.13289722614511446
0.17519784699832128
0.29443896719869966
0.22915611926776625
0.552905752884436
0.1635401955820832
0.15021716539209679
0.33740573956140585
0.15354792293959338
0.19518239228330092
0.2854459218204588
0.13056569586186684
0.11291268086013483
0.21250233153028325
0.25413680087399076
0.15721175624183964
0.12690186255962055
0.14288949878760424
0.20783927096378801
0.15454715020384238
0.19218471049055397
1.0781662181246503
0.17253324096032402
0.26146446747848334
0.15388099869434305
0.1418902715233553
0.13589490793786138
0.4303338751365611
0.45764608702603315
0.43466385994830664
0.2448106797410003
0.12223880199312531
0.17586399850782064
0.44765381438354335
0.10858269604838926
0.12756801406911988
0.11124730208638652
0.13422952916411307
0.17752937728156892
0.13389645340936343
0.1785286045458179
0.1985131498307975
0.15721175624183964
0.15987636227983693
0.5962056010018918
0.2911082096512031
0.2911082096512031
0.2911082096512031
0.20084468011404513
0.41967545098457193
0.08826507500865997
0.10858269604838926
0.12457033227637293
1.095153081616883
0.11291268086013483
0.09825734765114978
0.31242505795518133
0.19818007407604787
0.12956646859761783
0.24914066455274586
0.08393509019691439
0.12290495350262465
0.10958192331263822
0.20084468011404513
0.18752164992405873
0.28577899757520847
0.10824962029363959
0.0955927416131525
0.1532148471848437
0.10991499906738789
0.24347837672200165
0.1089157718031389
0.16453942284633216
0.2901089823869541
0.1115803778411362
0.08160355991366677
0.11091422633163688
0.15388099869434305
0.08593354472541236
0.2751205734232194
0.06927975698792933
0.3067627701244371
0.13422952916411307
0.1828585893575635
0.09625889312265182
0.06694822670468172
0.20084468011404513
0.06661515094993205
0.06594899944043273
0.09525966585840283
0.06428362066668443
0.06428362066668443
0.06361746915718511
0.11191345359588584
0.1785286045458179
0.1115803778411362
0.1375602867116097
0.06661515094993205
0.0662820751951824
0.06428362066668443
0.09026352953715794
0.09026352953715794
0.08926430227290895
0.07227743878067627
0.08793199925391032
0.0662820751951824
0.1475525593540995
0.0829358629326654
0.06994590849742865
0.08326893868741506
0.24381145247675132
0.06761437821418104
0.06728130245943137
0.13389645340936343
0.06661515094993205
0.06661515094993205
0.06594899944043273
0.058954408590689865
0.06395054491193476
0.044965226891204135
0.044965226891204135
0.044965226891204135
0.044965226891204135
0.12723493831437022
0.1115803778411362
0.044632151136454475
0.08926430227290895
0.044632151136454475
0.044632151136454475
0.10824962029363959
0.044299075381704814
0.044299075381704814
0.044299075381704814
0.044299075381704814
0.11790881718137973
0.0662820751951824
0.12723493831437022
0.06361746915718511
0.04163446934370753
0.04063524207945855
0.0895973780276586
0.08926430227290895
0.08926430227290895
0.08926430227290895
0.044632151136454475
0.044299075381704814
0.08226971142316608
0.044299075381704814
0.04329984811745583
0.08360201444216474
0.08326893868741506
0.09825734765114978
0.06794745396893069
0.06794745396893069
0.0895973780276586
0.06694822670468172
0.06694822670468172
0.044632151136454475
0.044632151136454475
0.044632151136454475
0.06694822670468172
0.07993818113991846
0.041301393588957874
0.041301393588957874
0.041301393588957874
0.06994590849742865
0.040968317834208214
0.047962908683951075
0.06061978736443817
0.05795518132644088
0.05728902981694156
0.05695595406219191
0.044965226891204135
0.044965226891204135
0.044965226891204135
0.04396599962695516
0.044632151136454475
0.044632151136454475
0.044632151136454475
0.044632151136454475
0.044632151136454475
0.044632151136454475
0.044632151136454475
0.044632151136454475
0.044632151136454475
0.044632151136454475
0.044632151136454475
0.044299075381704814
0.04396599962695516
0.041967545098457196
0.04163446934370753
0.04163446934370753
0.041301393588957874
0.040968317834208214
0.04030216632470889
0.03996909056995923
0.03930293906045991
0.038636787550960595
0.03830371179621093
0.03797063604146127
0.03797063604146127
0.03797063604146127
0.03797063604146127
0.02531375736097418
0.02531375736097418
0.024980681606224523
0.022649151322976898
0.022649151322976898
0.022649151322976898
0.022649151322976898
0.022649151322976898
0.022649151322976898
0.022649151322976898
0.022316075568227237
0.022316075568227237
0.022316075568227237
0.022316075568227237
0.022316075568227237
0.022316075568227237
0.022316075568227237
0.022316075568227237
0.022316075568227237
0.022316075568227237
0.022316075568227237
0.022316075568227237
0.022316075568227237
0.022316075568227237
0.022316075568227237
0.022316075568227237
0.022316075568227237
0.022316075568227237
0.022316075568227237
0.022316075568227237
0.022316075568227237
0.022316075568227237
0.022316075568227237
0.022316075568227237
0.022316075568227237
0.022316075568227237
0.022316075568227237
0.022316075568227237
0.022316075568227237
0.022316075568227237
0.022316075568227237
0.022316075568227237
0.022316075568227237
0.022316075568227237
0.022316075568227237
0.022316075568227237
0.022316075568227237
0.022316075568227237
0.022316075568227237
0.022316075568227237
0.02198299981347758
0.02198299981347758
0.02198299981347758
0.02198299981347758
0.02198299981347758
0.02198299981347758
0.02198299981347758
0.02198299981347758
0.02198299981347758
0.02198299981347758
0.020983772549228598
0.020983772549228598
0.020983772549228598
0.020650696794478937
0.020317621039729276
0.019984545284979616
0.019651469530229955
0.019318393775480298
0.019318393775480298
0.018985318020730634
0.018985318020730634
0.018985318020730634
0.018985318020730634
0.018985318020730634
0.01332303018998641
0.005995363585493884
0.005995363585493884
0.005995363585493884
0.0033307575474966025
0.002997681792746942
0.002997681792746942
0.002997681792746942
0.002997681792746942
0.002997681792746942
0.002997681792746942
0.002997681792746942
0.002997681792746942
0.002997681792746942
0.0019984545284979613
0.0009992272642489807
0.00033307575474966024
