2757
4316
6000
2540
2055
2162
5865
18245
1637
1336
3925
1680
2504
1988
1785
3133
6345
3371
2530
1405
2017
2953
2438
5579
1804
1785
13957
1531
1625
2147
1184
1048
1414
1130
2072
922
1441
1398
1002
1725
2151
1236
1972
1063
897
1429
2360
3475
727
937
1142
1726
1465
923
3069
1006
1727
1003
901
2419
1923
1081
1746
1758
3657
929
1274
1716
1610
951
1339
978
584
855
1064
2373
665
2825
780
805
877
737
699
1055
2031
529
1262
453
538
467
1692
690
812
595
1370
1407
725
551
737
1260
933
1294
741
503
1086
516
1811
1046
1648
1146
459
756
399
526
884
688
1660
491
451
1013
461
586
857
392
339
638
763
472
381
429
624
464
577
3237
518
785
462
426
408
1292
1374
1305
735
367
528
1344
326
383
334
403
533
402
536
596
472
480
1790
874
874
874
603
1260
265
326
374
3288
339
295
938
595
389
748
252
369
329
603
563
858
325
287
460
330
731
327
494
871
335
245
333
462
258
826
208
921
403
549
289
201
603
200
198
286
193
193
191
336
536
335
413
200
199
193
271
271
268
217
264
199
443
249
210
250
732
203
202
402
200
200
198
177
192
135
135
135
135
382
335
134
268
134
134
325
133
133
133
133
354
199
382
191
125
122
269
268
268
268
134
133
247
133
130
251
250
295
204
204
269
201
201
134
134
134
201
240
124
124
124
210
123
144
182
174
172
171
135
135
135
132
134
134
134
134
134
134
134
134
134
134
134
133
132
126
125
125
124
123
121
120
118
116
115
114
114
114
114
76
76
75
68
68
68
68
68
68
68
67
67
67
67
67
67
67
67
67
67
67
67
67
67
67
67
67
67
67
67
67
67
67
67
67
67
67
67
67
67
67
67
67
67
67
67
67
67
67
67
66
66
66
66
66
66
66
66
66
66
63
63
63
62
61
60
59
58
58
57
57
57
57
57
40
18
18
18
10
9
9
9
9
9
9
9
9
9
6
3
1
