13030
10837
10295
10022
9300
8947
8124
8059
7608
7566
7472
7341
7262
7140
7107
7094
6994
6860
6716
6698
6601
6542
6508
6388
6346
6303
6274
6072
6054
6040
5924
5733
5576
5558
5486
5442
5382
5350
5345
5320
5283
5215
5160
5149
5143
5113
5108
5102
5100
4961
4939
4900
4864
4838
4820
4800
4792
4756
4721
4712
4698
4544
4532
4528
4499
4443
4330
4288
4270
4240
4096
4080
4044
4000
3938
3920
3876
3833
3828
3818
3748
3634
3600
3566
3556
3520
3500
3488
3486
3446
3446
3430
3426
3400
3360
3360
3316
3298
3220
3216
3216
3208
3176
3166
3152
3143
3131
3117
3080
3057
3054
3033
3018
3017
3006
2995
2940
2936
2936
2935
2903
2880
2880
2860
2856
2848
2806
2800
2800
2788
2758
2672
2663
2660
2660
2659
2656
2642
2640
2600
2579
2560
2547
2542
2520
2520
2499
2380
2380
2377
2373
2368
2356
2340
2280
2246
2232
2220
2200
2191
2180
2136
2134
2128
2124
2100
2100
2100
2100
2092
2040
2012
1976
1960
1960
1936
1922
1920
1916
1902
1880
1879
1856
1849
1820
1820
1820
1816
1805
1800
1780
1780
1769
1680
1680
1680
1680
1676
1660
1660
1640
1600
1588
1578
1540
1540
1540
1530
1520
1444
1429
1421
1412
1400
1400
1400
1400
1400
1400
1356
1342
1320
1260
1260
1260
1260
1255
1223
1220
1215
1180
1168
1164
1120
1120
1120
1120
1120
1120
1120
1116
1116
1116
1104
1096
1096
1072
1072
1040
1040
1036
980
980
980
980
980
980
974
960
960
960
956
920
840
840
840
840
840
840
840
840
840
840
840
840
840
840
840
840
820
820
798
760
736
732
730
700
700
700
700
700
700
700
700
700
700
700
700
700
700
700
700
695
695
695
680
680
680
680
680
680
680
600
600
598
560
560
560
560
560
560
560
560
560
560
560
560
560
560
560
560
560
560
560
560
560
560
560
560
560
560
560
560
560
560
560
560
560
560
560
560
560
560
560
560
560
560
560
560
560
556
556
556
556
556
556
556
556
556
556
556
544
520
520
508
492
488
480
480
480
480
480
480
480
480
480
480
480
480
200
80
76
48
25
12
