0.959601593102679
1.3916683616894239
0.9289271490154651
2.0063054846562163
0.7972074773468409
0.6300563622405795
0.566082922700401
1.873601606225436
0.44961845584520393
0.5993819181533656
1.131509707559364
0.6395703609414266
0.8526511249483292
5.3967337458253235
0.668932529345765
2.2400545906684077
1.1403675684187735
0.8636414337924111
0.4819332445360121
1.2548636217496572
0.6841877341591922
0.9961812777628325
0.7712900326100507
0.6121766060614013
0.5959371944858176
1.890661190102817
0.6023345384398354
0.5094910338763967
0.5322918238663579
0.42977028614171264
0.7355305202516944
0.35546267559888983
0.388925705512214
0.7071525586095126
0.3446364012151673
0.30658040641177897
0.4725832802955245
0.4740595904387594
3.9286253256084036
0.32150754230448736
0.25605779262107387
0.4704508323108519
0.639734395401786
0.5764170937030452
0.683367561857395
0.3620240540132671
0.6635193921539038
0.3200312321612524
0.370717880412317
0.5162164467511334
0.7940908226000118
0.32150754230448736
0.3446364012151673
0.618081846634341
0.370717880412317
0.3119935436036403
1.0293162387554378
0.3438162289133701
0.5322918238663579
0.5765811281634046
0.38728536090861965
1.2184479715498633
1.0348934104076584
0.7811321002316167
0.43944831930291917
0.3041198895063875
0.33741888495935224
0.5990538492326468
0.4717631079937273
0.3305294376242561
0.5317997204852796
0.19684135243131876
0.822632818702553
0.26721213592551524
0.2621270676543728
0.32150754230448736
0.5103112061781939
0.25933848182826247
0.9505796977829103
0.24260696687160038
0.2721331697362982
0.18322649222148588
0.20996410926007336
0.1573090474846956
0.6951780430032741
0.4199282185201467
0.2066834200528847
0.16026166777116535
0.2685244116083907
0.2934576495830244
0.5017814142395035
0.23178069248787786
0.34348815999265125
0.5905240572939563
0.19684135243131876
0.459132454546051
0.1732203901395605
0.24441134593555414
0.6430150846089747
0.3208514044630496
0.3867932575275414
0.5713320254319028
0.26819634268767184
0.3520179519313417
0.4296062516813532
0.2455595871580702
0.24293503579231926
0.15616080626217957
0.1837185956025642
0.36628894998261236
0.13631263655868825
0.15599677180182014
0.1584572887072116
0.3051040962685441
0.16780725294769924
0.3736705006987868
0.2755778934038463
0.1376249122415637
0.16058973669188423
0.16419849481979176
0.2304684168050024
0.13532842979653167
0.4133668401057694
0.5085068271142402
0.1933966287637707
0.22013424580235816
0.1523880136739126
0.482261313456731
1.1712060469663468
0.2742656177209708
0.26786827376695294
0.10957501952010079
0.13795298116228258
0.4560157997992218
0.459132454546051
0.5048980689863327
0.1507476690703183
0.18240631991968873
0.14763101432348907
0.14763101432348907
0.23227279586895613
0.1345082574947345
0.12483022433352799
0.13795298116228258
0.11482412225160261
0.1837185956025642
0.12548636217496573
0.6659799090592952
1.2401005203173083
0.1376249122415637
0.2042229031474932
0.1371328088604854
0.11794077699843182
0.16731514956662097
0.2280078998996109
0.1269626723182006
0.4356755267146522
0.16731514956662097
0.16731514956662097
0.11269167426693
0.19684135243131876
0.08907071197517175
0.2804989272146292
0.2788585826110349
0.2786945481506755
0.13778894670192315
0.14763101432348907
0.3136338882072346
0.13778894670192315
0.0857900227679831
0.11154343304441397
0.08808650521301516
0.11548026009304034
0.25261306895352575
0.25261306895352575
0.11285570872728942
0.18191421653861042
0.11154343304441397
0.08956281535625003
0.18404666452328305
0.0918592978012821
0.11137939858405453
0.1548485305793041
0.09366367686523584
0.34447236675480786
0.2985427178541668
0.2985427178541668
0.26885248052910954
0.0908750910391255
0.20209045516282062
0.15747308194505502
0.1837185956025642
0.11105132966333568
0.06889447335096158
0.06889447335096158
0.06889447335096158
0.10498205463003668
0.06873043889060214
0.20012204163850741
0.0680743010491644
0.06725412874736725
0.09513998700847075
0.06512168076269463
0.09612419377062734
0.06889447335096158
0.1837185956025642
0.06889447335096158
0.06840236996988328
0.1213855006659799
0.2773822724678
0.10350574448680179
0.1625581502161974
0.07611198960677659
0.0918592978012821
0.0918592978012821
0.0918592978012821
0.0918592978012821
0.10170136542284804
0.0918592978012821
0.06709009428700781
0.08923474643553117
0.06561378414377293
0.06889447335096158
0.13778894670192315
0.06889447335096158
0.06889447335096158
0.0685664044302427
0.06725412874736725
0.1345082574947345
0.06692605982664838
0.06561378414377293
0.06266116385730314
0.11662850131555637
0.04592964890064105
0.04592964890064105
0.04592964890064105
0.04592964890064105
0.0918592978012821
0.11482412225160261
0.13778894670192315
0.04576561444028161
0.04576561444028161
0.04576561444028161
0.04527351105920332
0.06758219766808611
0.04494544213848445
0.04396123537632786
0.06512168076269463
0.0426489596934524
0.0426489596934524
0.04248492523309297
0.04592964890064105
0.04592964890064105
0.0918592978012821
0.0918592978012821
0.0918592978012821
0.0918592978012821
0.04560157997992218
0.10826274383722533
0.08857860859409344
0.08857860859409344
0.044617373217765585
0.08201723017971616
0.069058507811321
0.06889447335096158
0.06889447335096158
0.06889447335096158
0.08923474643553117
0.06889447335096158
0.06889447335096158
0.04592964890064105
0.04592964890064105
0.04592964890064105
0.06889447335096158
0.07873654097252751
0.04592964890064105
0.04592964890064105
0.04592964890064105
0.04592964890064105
0.06561378414377293
0.0852979193869048
0.04904630364747026
0.04921033810782969
0.059708543570833356
0.047241924583516504
0.050030510409626854
0.04592964890064105
0.04592964890064105
0.04592964890064105
0.04592964890064105
0.04592964890064105
0.04592964890064105
0.04592964890064105
0.04592964890064105
0.04592964890064105
0.04592964890064105
0.04592964890064105
0.04592964890064105
0.04592964890064105
0.04592964890064105
0.04592964890064105
0.04592964890064105
0.04560157997992218
0.04560157997992218
0.04560157997992218
0.0426489596934524
0.0426489596934524
0.0426489596934524
0.0426489596934524
0.0426489596934524
0.0426489596934524
0.0426489596934524
0.039368270486263755
0.039368270486263755
0.03953230494662319
0.022964824450320526
0.022964824450320526
0.022964824450320526
0.022964824450320526
0.022964824450320526
0.022964824450320526
0.022964824450320526
0.022964824450320526
0.022964824450320526
0.022964824450320526
0.022964824450320526
0.022964824450320526
0.022964824450320526
0.022964824450320526
0.022964824450320526
0.022964824450320526
0.022964824450320526
0.022964824450320526
0.022964824450320526
0.022964824450320526
0.022964824450320526
0.022964824450320526
0.022964824450320526
0.022964824450320526
0.022964824450320526
0.022964824450320526
0.022964824450320526
0.022964824450320526
0.022964824450320526
0.022964824450320526
0.022964824450320526
0.022964824450320526
0.022964824450320526
0.022964824450320526
0.022964824450320526
0.022964824450320526
0.022964824450320526
0.022964824450320526
0.022964824450320526
0.022964824450320526
0.022964824450320526
0.022964824450320526
0.022964824450320526
0.022964824450320526
0.022964824450320526
0.02280078998996109
0.02280078998996109
0.02280078998996109
0.02280078998996109
0.02280078998996109
0.02280078998996109
0.02280078998996109
0.02280078998996109
0.02280078998996109
0.02280078998996109
0.02280078998996109
0.022308686608882793
0.0213244798467262
0.0213244798467262
0.020832376465647902
0.020176238624210176
0.020012204163850744
0.019684135243131878
0.019684135243131878
0.019684135243131878
0.019684135243131878
0.019684135243131878
0.019684135243131878
0.019684135243131878
0.019684135243131878
0.019684135243131878
0.019684135243131878
0.019684135243131878
0.019684135243131878
0.013122756828754585
0.0032806892071886463
0.0031166547468292143
0.0019684135243131875
0.0016403446035943231
0.0004921033810782969
