5850
8484
5663
12231
4860
3841
3451
11422
2741
3654
6898
3899
5198
32900
4078
13656
6952
5265
2938
7650
4171
6073
4702
3732
3633
11526
3672
3106
3245
2620
4484
2167
2371
4311
2101
1869
2881
2890
23950
1960
1561
2868
3900
3514
4166
2207
4045
1951
2260
3147
4841
1960
2101
3768
2260
1902
6275
2096
3245
3515
2361
7428
6309
4762
2679
1854
2057
3652
2876
2015
3242
1200
5015
1629
1598
1960
3111
1581
5795
1479
1659
1117
1280
959
4238
2560
1260
977
1637
1789
3059
1413
2094
3600
1200
2799
1056
1490
3920
1956
2358
3483
1635
2146
2619
1497
1481
952
1120
2233
831
951
966
1860
1023
2278
1680
839
979
1001
1405
825
2520
3100
1179
1342
929
2940
7140
1672
1633
668
841
2780
2799
3078
919
1112
900
900
1416
820
761
841
700
1120
765
4060
7560
839
1245
836
719
1020
1390
774
2656
1020
1020
687
1200
543
1710
1700
1699
840
900
1912
840
523
680
537
704
1540
1540
688
1109
680
546
1122
560
679
944
571
2100
1820
1820
1639
554
1232
960
1120
677
420
420
420
640
419
1220
415
410
580
397
586
420
1120
420
417
740
1691
631
991
464
560
560
560
560
620
560
409
544
400
420
840
420
420
418
410
820
408
400
382
711
280
280
280
280
560
700
840
279
279
279
276
412
274
268
397
260
260
259
280
280
560
560
560
560
278
660
540
540
272
500
421
420
420
420
544
420
420
280
280
280
420
480
280
280
280
280
400
520
299
300
364
288
305
280
280
280
280
280
280
280
280
280
280
280
280
280
280
280
280
278
278
278
260
260
260
260
260
260
260
240
240
241
140
140
140
140
140
140
140
140
140
140
140
140
140
140
140
140
140
140
140
140
140
140
140
140
140
140
140
140
140
140
140
140
140
140
140
140
140
140
140
140
140
140
140
140
140
139
139
139
139
139
139
139
139
139
139
139
136
130
130
127
123
122
120
120
120
120
120
120
120
120
120
120
120
120
80
20
19
12
10
3
