12958
10894
10287
10036
9427
8080
8076
8061
7478
7422
7237
7193
7140
7059
7000
6960
6896
6767
6716
6675
6564
6558
6495
6457
6345
6323
6175
6072
6024
5964
5947
5562
5544
5535
5471
5428
5380
5357
5320
5320
5320
5276
5231
5160
5155
5144
5118
5070
5044
4964
4919
4897
4863
4816
4814
4797
4744
4731
4697
4656
4628
4577
4494
4463
4422
4279
4262
4259
4256
4244
4170
4042
4008
3948
3933
3926
3920
3828
3800
3766
3733
3616
3614
3600
3548
3500
3488
3486
3484
3464
3445
3400
3396
3364
3360
3360
3352
3303
3301
3240
3216
3207
3207
3196
3178
3169
3114
3097
3080
3080
3080
3064
3060
3001
3000
2992
2986
2940
2940
2920
2918
2907
2864
2836
2832
2800
2800
2800
2788
2764
2712
2710
2702
2700
2694
2669
2660
2656
2656
2640
2606
2600
2520
2520
2500
2459
2380
2380
2377
2344
2341
2340
2330
2320
2240
2240
2240
2239
2220
2213
2210
2200
2193
2180
2136
2100
2100
2100
2096
2084
2040
1985
1960
1960
1960
1956
1920
1920
1904
1880
1880
1876
1849
1841
1829
1820
1820
1800
1799
1780
1780
1765
1747
1684
1680
1680
1676
1675
1672
1660
1652
1612
1600
1592
1588
1540
1537
1536
1500
1424
1405
1400
1400
1400
1400
1395
1392
1362
1324
1320
1295
1284
1260
1260
1260
1260
1251
1236
1220
1220
1196
1145
1144
1124
1120
1120
1120
1120
1120
1118
1116
1116
1116
1108
1106
1100
1068
1040
1036
1032
1012
980
980
980
980
977
972
971
971
968
960
952
950
896
840
840
840
840
840
840
840
840
840
840
840
840
840
830
820
820
808
803
791
760
724
700
700
700
700
700
700
700
700
700
700
700
700
700
700
700
700
695
690
682
682
680
680
680
680
678
662
646
640
625
610
600
566
562
560
560
560
560
560
560
560
560
560
560
560
560
560
560
560
560
560
560
560
560
560
560
560
560
560
560
560
560
560
560
560
560
560
560
560
560
560
560
560
560
556
556
556
556
556
556
556
556
556
556
552
548
548
544
540
540
540
540
536
528
524
520
504
490
488
488
488
484
480
480
480
144
104
76
76
10
10
10
8
8
8
8
8
8
5
