0.9546821252995684
1.4044653534046228
0.9317172631789602
2.0130341996007393
0.8040982436801519
0.5642794692492294
0.5641154345197965
1.9377422587910313
0.4379727275858845
0.5834715325928805
0.8529805930511608
0.6241521454922436
5.396742598342922
1.0657336371256523
0.6594196123203204
2.216109194638689
1.1467667934655126
0.8623305726288369
0.48193403507390586
1.244695526936963
0.7793289995357817
1.005860960882638
0.6815643007937641
0.617590756314927
1.9457799605332442
0.5939697552765872
0.5934776510882884
0.4341999288089275
0.506867313947709
0.5191699186551777
0.7393045255541503
0.7084659964207621
0.38810616983827817
0.3428325845147935
0.34365275816195806
0.30592477039238747
0.47274809022566255
0.47963754886184506
0.3215080696885145
0.7233931567991575
3.926991422623998
0.6825485091703615
0.47192791657849803
0.6397354447883706
0.24605209414937332
0.374819356754212
0.36087640475241417
0.31757123618212446
0.5603426357428395
0.3487378347743785
0.7913035347843846
0.32134403495908154
0.5014541678764228
0.37055445378895624
1.0184916350489726
0.31347036794630156
0.5336049748452742
0.3428325845147935
0.6044679779602937
0.3887623087560098
0.7944201946436099
1.0403082540635502
1.2072956086262583
0.43403589407949456
0.3021519716154304
0.33249839656051977
0.594297824735453
0.5111322169129648
0.5731373446386069
0.32560893792433737
0.4560165478235052
0.8196815429762789
0.19388905018970617
0.5142488767721902
0.26212749763379906
0.2613073239866345
0.3215080696885145
0.9436917984275631
0.2588468030451407
0.2394907049720567
0.2713134424820423
0.7292984070587425
0.1824066191294021
0.20996445367413188
0.42222539356032457
0.20668375908547357
0.16026193065595848
0.182570653858835
0.15271633310204438
0.233093350524173
0.3454571401857201
0.590525025958496
0.49850154274663033
0.27869500530652347
0.2624555670926649
0.4592972424121635
0.19651360586063282
0.39466755901559475
0.2449038510433429
0.4650384579423156
0.642852104647596
0.31937561820588656
0.3585799185403533
0.4419095610922744
0.5683803374850523
0.24736437198483666
0.17469698684605506
0.2588468030451407
0.1837188969648654
0.39040265605033897
0.1541926456669406
0.13713303380591738
0.23621001038339837
0.15665316660843434
0.3510343209864392
0.15386457620807478
0.5232707868910005
0.16075403484425724
0.2755783454472981
0.22423547513479555
0.29723092973244297
0.23522580200680088
0.13467251286442367
0.13352426975839324
0.19241273762480993
0.48226210453277163
1.171207968151017
0.15747334025559892
0.27426606761183475
0.26672047005792066
0.1412339020417403
0.14615494392472775
0.48341034763880214
0.110723442367218
0.141726006230039
0.1848671400708958
0.4591332076827306
0.5050629319239469
0.15074791634884938
0.147631256489624
0.12712691531050954
0.147631256489624
0.11482431060304088
0.1837188969648654
0.22669599607628926
0.1327040961112287
0.6659810014976372
1.2401025545128415
0.13762513799421613
0.1971697447783645
0.13467251286442367
0.16731542402157384
0.11236378966154714
0.11646465789737002
0.2985432075679063
0.2985432075679063
0.2985432075679063
0.22948458647664882
0.16731542402157384
0.12515849855731453
0.11318396330871172
0.16731542402157384
0.4335437898911958
0.19684167531949867
0.08956296227037189
0.147631256489624
0.3215080696885145
0.13778917272364904
0.13762513799421613
0.08546209403454899
0.11154361601438258
0.0866103371405794
0.11482431060304088
0.2526134833266899
0.2526134833266899
0.11466027587360797
0.15747334025559892
0.11154361601438258
0.18142241075280457
0.18093030656450584
0.0918594484824327
0.2849283250249743
0.10941116453175466
0.09284365685903019
0.08480595511681734
0.34447293180912264
0.2985432075679063
0.295262512979248
0.09038313591753645
0.15747334025559892
0.1837188969648654
0.19470922383687075
0.10793485196685841
0.06905862109125743
0.06889458636182452
0.10498222683706594
0.06873055163239161
0.06905862109125743
0.06856651690295869
0.20012236990815693
0.06774634325579412
0.12663481112221078
0.09514014307109102
0.06528582231430038
0.09727259455371892
0.1837188969648654
0.06873055163239161
0.06873055163239161
0.06676213487919662
0.2765625538238956
0.10202960170727347
0.0918594484824327
0.0918594484824327
0.10170153224840764
0.0918594484824327
0.159277722279361
0.09153137902356688
0.08710244132887815
0.06577792650259913
0.06561389177316622
0.06889458636182452
0.08365771201078692
0.06889458636182452
0.13778917272364904
0.06889458636182452
0.06889458636182452
0.06840248217352578
0.06791037798522703
0.13450847813499073
0.06627003069089789
0.06380950974940415
0.06331740556110539
0.11580851897963838
0.04609375897064927
0.04592972424121635
0.04592972424121635
0.0918594484824327
0.11482431060304088
0.13778917272364904
0.04592972424121635
0.04576568951178344
0.04576568951178344
0.04576568951178344
0.06823844744409287
0.06791037798522703
0.04510955059405177
0.04379727275858845
0.04264902965255804
0.04248499492312512
0.042320960193692206
0.041500786546527633
0.04592972424121635
0.0918594484824327
0.0918594484824327
0.0918594484824327
0.11384010222644338
0.09054717064696938
0.09038313591753645
0.045437620052917606
0.04527358532348469
0.08857875389377438
0.08726647605831107
0.04428937694688719
0.08103315633986027
0.06889458636182452
0.06889458636182452
0.06889458636182452
0.0918594484824327
0.06889458636182452
0.06889458636182452
0.04592972424121635
0.04592972424121635
0.04592972424121635
0.04592972424121635
0.04592972424121635
0.04592972424121635
0.04592972424121635
0.053967425983429206
0.06561389177316622
0.08529805930511608
0.06364547501997123
0.06610599596146496
0.06495775285543455
0.04921041882987467
0.04691393261781384
0.04592972424121635
0.04592972424121635
0.04592972424121635
0.04592972424121635
0.04592972424121635
0.04592972424121635
0.04592972424121635
0.04592972424121635
0.04592972424121635
0.04592972424121635
0.04592972424121635
0.04592972424121635
0.04592972424121635
0.04592972424121635
0.04592972424121635
0.04592972424121635
0.04560165478235052
0.04625779370008218
0.04297709911142387
0.04297709911142387
0.04264902965255804
0.04264902965255804
0.04264902965255804
0.04264902965255804
0.0433051685702897
0.041664821275960544
0.04199289073482638
0.027721869274162727
0.04100868235822888
0.04002447398163139
0.03936833506389973
0.02394907049720567
0.023292931579474006
0.022964862120608175
0.022964862120608175
0.022964862120608175
0.022964862120608175
0.022964862120608175
0.022964862120608175
0.022964862120608175
0.022964862120608175
0.022964862120608175
0.022964862120608175
0.022964862120608175
0.022964862120608175
0.022964862120608175
0.022964862120608175
0.022964862120608175
0.022964862120608175
0.022964862120608175
0.022964862120608175
0.022964862120608175
0.022964862120608175
0.022964862120608175
0.022964862120608175
0.022964862120608175
0.022964862120608175
0.022964862120608175
0.022964862120608175
0.022964862120608175
0.022964862120608175
0.022964862120608175
0.022964862120608175
0.022964862120608175
0.022964862120608175
0.022964862120608175
0.022964862120608175
0.022964862120608175
0.022964862120608175
0.022964862120608175
0.022964862120608175
0.022964862120608175
0.022964862120608175
0.02280082739117526
0.02280082739117526
0.02280082739117526
0.02280082739117526
0.02280082739117526
0.02280082739117526
0.02280082739117526
0.02280082739117526
0.02280082739117526
0.02280082739117526
0.022636792661742344
0.022472757932309427
0.022964862120608175
0.022308723202876513
0.022144688473443596
0.022144688473443596
0.022144688473443596
0.022144688473443596
0.021980653744010682
0.02165258428514485
0.021488549555711934
0.02132451482627902
0.020668375908547358
0.020340306449681527
0.020012236990815696
0.020012236990815696
0.020012236990815696
0.01984820226138278
0.019684167531949865
0.019684167531949865
0.019684167531949865
0.008857875389377438
0.004264902965255804
0.0031166598592253947
0.0031166598592253947
0.0006561389177316622
0.0006561389177316622
0.0006561389177316622
0.0003280694588658311
0.0003280694588658311
0.0003280694588658311
0.0003280694588658311
0.0003280694588658311
0.0003280694588658311
0.0003280694588658311
