5820
8562
5680
12272
4902
3440
3439
11813
2670
3557
5200
3805
32900
6497
4020
13510
6991
5257
2938
7588
4751
6132
4155
3765
11862
3621
3618
2647
3090
3165
4507
4319
2366
2090
2095
1865
2882
2924
1960
4410
23940
4161
2877
3900
1500
2285
2200
1936
3416
2126
4824
1959
3057
2259
6209
1911
3253
2090
3685
2370
4843
6342
7360
2646
1842
2027
3623
3116
3494
1985
2780
4997
1182
3135
1598
1593
1960
5753
1578
1460
1654
4446
1112
1280
2574
1260
977
1113
931
1421
2106
3600
3039
1699
1600
2800
1198
2406
1493
2835
3919
1947
2186
2694
3465
1508
1065
1578
1120
2380
940
836
1440
955
2140
938
3190
980
1680
1367
1812
1434
821
814
1173
2940
7140
960
1672
1626
861
891
2947
675
864
1127
2799
3079
919
900
775
900
700
1120
1382
809
4060
7560
839
1202
821
1020
685
710
1820
1820
1820
1399
1020
763
690
1020
2643
1200
546
900
1960
840
839
521
680
528
700
1540
1540
699
960
680
1106
1103
560
1737
667
566
517
2100
1820
1800
551
960
1120
1187
658
421
420
640
419
421
418
1220
413
772
580
398
593
1120
419
419
407
1686
622
560
560
620
560
971
558
531
401
400
420
510
420
840
420
420
417
414
820
404
389
386
706
281
280
280
560
700
840
280
279
279
279
416
414
275
267
260
259
258
253
280
560
560
560
694
552
551
277
276
540
532
270
494
420
420
420
560
420
420
280
280
280
280
280
280
280
329
400
520
388
403
396
300
286
280
280
280
280
280
280
280
280
280
280
280
280
280
280
280
280
278
282
262
262
260
260
260
260
264
254
256
169
250
244
240
146
142
140
140
140
140
140
140
140
140
140
140
140
140
140
140
140
140
140
140
140
140
140
140
140
140
140
140
140
140
140
140
140
140
140
140
140
140
140
140
140
140
139
139
139
139
139
139
139
139
139
139
138
137
140
136
135
135
135
135
134
132
131
130
126
124
122
122
122
121
120
120
120
54
26
19
19
4
4
4
2
2
2
2
2
2
2
