11319
11212
9769
9758
9208
8772
8762
8753
8713
8475
8193
8163
8083
7817
7729
7576
7227
7010
6932
6879
6873
6716
6696
6668
6643
6617
6482
6363
6330
6315
6309
6232
6116
6106
6059
5965
5857
5713
5668
5576
5562
5543
5490
5447
5441
5276
5246
5207
5163
5163
5121
5104
5069
5054
5045
5023
5017
4971
4911
4901
4883
4791
4774
4621
4613
4574
4567
4541
4537
4534
4530
4497
4428
4400
4350
4350
4321
4297
4263
4245
4218
4183
4164
4123
4104
4098
4091
4043
4040
4029
4027
4027
4018
3962
3940
3924
3856
3798
3789
3758
3754
3722
3720
3717
3685
3641
3591
3572
3538
3526
3504
3471
3429
3414
3411
3385
3319
3313
3285
3282
3234
3232
3221
3187
3183
3166
3150
3118
3098
3079
3077
3037
3015
3008
3008
2999
2989
2984
2967
2922
2912
2895
2889
2885
2877
2868
2864
2837
2827
2799
2797
2737
2698
2669
2643
2634
2626
2601
2588
2582
2543
2516
2507
2502
2430
2421
2404
2401
2384
2383
2358
2331
2326
2326
2306
2305
2290
2262
2230
2207
2203
2194
2160
2142
2114
2113
2102
2091
2086
2074
2068
2018
2004
1967
1952
1948
1910
1893
1872
1829
1823
1819
1806
1797
1782
1771
1742
1738
1722
1711
1709
1694
1692
1679
1657
1657
1645
1642
1642
1640
1639
1625
1615
1610
1608
1603
1593
1581
1574
1547
1535
1531
1525
1525
1514
1505
1482
1476
1467
1434
1393
1389
1388
1384
1369
1355
1310
1310
1307
1278
1267
1267
1242
1235
1235
1220
1215
1200
1187
1184
1179
1176
1171
1164
1164
1158
1156
1145
1144
1131
1129
1121
1102
1089
1082
1075
1073
1061
1049
1049
1015
1013
1004
1002
1000
999
986
971
952
926
918
910
907
893
889
888
886
882
881
871
857
852
849
848
838
827
820
815
814
809
788
785
779
760
760
749
748
738
733
711
691
689
687
686
682
680
670
662
651
651
648
623
620
588
585
585
583
575
575
574
570
570
570
570
570
568
567
566
561
557
556
556
556
549
546
542
538
520
517
516
515
514
513
507
505
503
500
493
493
493
488
486
480
479
476
475
475
475
475
475
475
461
461
461
461
461
461
456
443
438
437
436
425
419
418
415
411
408
405
404
397
391
390
388
388
388
388
388
386
386
385
385
385
384
384
384
381
381
381
380
380
380
380
380
380
380
380
380
380
380
380
380
380
380
380
367
356
351
327
327
324
324
324
311
310
304
298
294
292
290
287
286
286
278
273
270
262
253
253
247
244
244
244
241
241
241
238
227
223
214
212
208
206
202
201
194
193
188
184
184
174
167
165
165
158
155
155
154
150
149
148
148
148
147
147
145
144
143
142
137
135
133
131
130
130
130
125
125
124
121
121
119
119
116
115
115
114
111
110
110
109
108
108
107
107
105
104
102
102
102
101
100
99
99
97
96
96
93
91
91
91
91
90
89
88
87
87
86
86
86
85
83
82
82
80
80
80
79
78
78
78
77
77
76
76
76
76
76
75
73
72
72
71
71
70
70
70
68
68
68
68
67
66
66
65
65
65
65
64
63
63
62
62
62
62
61
61
61
60
60
60
59
58
58
58
58
56
56
56
56
56
54
53
53
52
52
51
50
50
49
48
48
48
48
46
46
46
45
45
45
44
44
44
44
43
43
42
42
42
41
40
40
40
40
40
40
40
39
38
38
37
37
37
36
36
36
36
36
36
35
35
35
35
35
35
34
34
33
33
32
32
32
32
32
31
31
31
31
30
30
30
30
29
29
29
28
28
28
28
28
28
28
28
27
27
27
27
27
26
26
26
26
26
25
25
25
25
25
25
25
25
24
24
24
24
24
24
24
24
24
24
24
24
24
24
23
23
22
21
21
21
21
21
21
20
20
20
19
19
19
18
18
18
18
17
17
17
17
17
17
16
16
16
16
16
16
15
15
15
15
15
15
15
15
14
14
14
14
14
14
14
14
14
14
14
14
14
13
13
13
13
13
13
13
13
13
12
12
12
12
12
12
12
12
12
12
12
12
12
12
12
12
12
12
11
11
11
11
11
11
11
11
11
11
11
11
11
11
11
11
11
11
10
10
10
10
10
10
10
10
10
10
9
9
9
9
9
9
9
8
8
8
8
8
8
8
8
8
8
8
8
8
8
8
8
8
8
8
8
8
8
7
7
7
7
7
7
7
7
7
7
7
7
7
7
6
6
6
6
6
6
6
6
6
6
6
6
6
6
6
6
6
6
6
6
5
5
5
5
5
5
5
5
5
5
5
5
5
5
5
5
5
5
5
5
5
5
5
5
5
5
5
5
5
5
5
5
5
5
5
5
5
5
5
5
5
5
5
5
5
5
5
5
5
5
5
4
4
4
4
4
4
4
4
4
4
4
4
4
4
4
4
4
4
4
4
4
4
4
4
4
4
4
4
4
4
4
4
4
4
4
4
4
4
4
4
4
4
4
4
4
4
4
4
4
4
4
4
4
4
4
4
4
4
4
4
4
4
4
4
4
4
4
4
4
4
4
4
4
4
4
4
4
4
4
4
4
4
4
4
4
4
4
4
4
4
4
4
4
4
4
4
4
4
4
4
4
4
4
4
4
4
4
4
4
4
4
4
4
4
4
4
4
4
4
4
