(2)(2)(10)(11)....+......+.+..
(2)(10)(10)(11)...+.....+.+....
(2)(2)(10)(11).......+.+..+...
(2)(2)(2)(11)....+......+.+..
(10)(10)(11)(11)..+....+....+...
(2)(10)(10)(11)..+....+...+....
(2)(2)(10)(11)....+........++.
(2)(2)(2)(11)....+..+...+....
(2)(10)(10)(11)...+...+.+......
(2)(10)(11)(11)......+.+...+...
(2)(2)(10)(11)......+....++...
(2)(10)(11)(11)......+.....++..
(2)(2)(10)(11)....+..+...+....
(2)(2)(2)(11)....+...+.....+.
(2)(2)(10)(11).......++..+....
(2)(10)(10)(11)...+...++.......
(2)(2)(11)(11).......++...+...
(2)(10)(10)(11)..+........+.+..
(2)(10)(10)(11)....+......++...
(2)(2)(10)(11)...++......+....
(2)(2)(10)(11)...+...+.+......
(2)(10)(10)(11)....+......+.+..
(2)(10)(11)(11).......++...+...
(2)(2)(2)(2)....+...+.....+.
(2)(10)(10)(11)...+....+....+..
(2)(10)(10)(11).+.....+...+....
(2)(2)(10)(11)..+....+...+....
(2)(2)(2)(10)....+...+.....+.
(2)(10)(11)(11)........+...++..
(2)(10)(11)(11)........++..+...
(2)(10)(10)(11)..+....+.+......
(2)(10)(11)(11)..+.+..+........
(2)(2)(10)(11)....+......++...
(2)(2)(2)(2)....+....+....+.
(2)(2)(10)(11)..+....+....+...
(2)(2)(10)(11).........+.++...
(2)(10)(10)(11).......++..+....
(2)(2)(10)(11).......++.....+.
(2)(2)(2)(10)....+...+....+..
(2)(2)(2)(11)...+.....+.+....
(2)(10)(10)(11)....+..++.......
(2)(2)(10)(10).......++.....+.
(2)(2)(2)(11)....+...+....+..
(2)(2)(10)(11)........+....++.
(10)(10)(10)(11)...+...+.+......
(2)(2)(10)(11)......+.+...+...
(2)(2)(2)(11).......+.+..+...
(2)(10)(10)(11).......+.+..+...
(10)(10)(10)(11)...+.....+.+....
(2)(2)(10)(11)..++...+........
(2)(10)(11)(11)..+...+......+..
(2)(2)(2)(11)...++....+......
(2)(10)(10)(11)........+...++..
(10)(10)(10)(11).......+.+..+...
(2)(10)(10)(11)....+...+..+....
(2)(10)(11)(11).+....+.....+...
(2)(2)(10)(11)...+...++.......
(10)(10)(11)(11)......+.+....+..
(2)(2)(2)(11)....+....+.+....
(2)(2)(10)(11).......++...+...
(2)(10)(10)(11).+.........++...
(2)(2)(2)(11)...++......+....
(2)(10)(11)(11)......+.+....+..
(2)(2)(10)(11)...+..++........
(2)(10)(10)(10)....+...+.....+.
(2)(10)(10)(11).........+.++...
(10)(10)(10)(11)....+..+...+....
(2)(10)(10)(11)....+....+.+....
(2)(2)(2)(2)....+....+..+...
(2)(2)(10)(11)....+.......+.+.
(2)(10)(10)(11)....+...+.....+.
(2)(10)(11)(11)...++.+.........
(2)(2)(10)(11)....+...+..+....
(2)(2)(10)(10)..+...+......+..
(2)(2)(10)(10).......++...+...
(2)(2)(10)(11)..+.+......+....
(10)(10)(11)(11)..+...+.....+...
(2)(2)(10)(11)....+....+.+....
(2)(10)(10)(11)....+..+...+....
(2)(2)(2)(11)....+....+....+.
(2)(2)(2)(10)....+......+.+..
(2)(2)(10)(11)....+....+....+.
(2)(10)(10)(11)...+.....+....+.
(2)(2)(11)(11)......+.+...+...
(10)(10)(11)(11)..+...+......+..
(10)(10)(10)(11)....+....+....+.
(2)(2)(11)(11)..+...+......+..
(2)(2)(11)(11)..+....+....+...
(2)(2)(2)(11)...+...+.+......
(2)(10)(10)(11)..++...+........
(2)(10)(11)(11)...+..+......+..
(2)(10)(10)(10)....+...+....+..
(2)(10)(10)(10)..+......+..+...
(2)(2)(2)(10)....+....+..+...
(2)(10)(10)(11).+......+..+....
(2)(10)(10)(11)..+......+...+..
(2)(2)(10)(11)...++.........+.
(2)(2)(2)(11).........+.++...
(10)(10)(10)(11)....+......+.+..
(2)(2)(10)(11)....+..+......+.
(2)(10)(11)(11)..+...+.....+...
(10)(10)(10)(11)...++......+....
(2)(10)(10)(10)...+.....+...+..
(10)(10)(10)(11).........+.++...
(2)(2)(10)(10)......+.+...+...
(2)(10)(11)(11)....+...+....+..
(2)(2)(2)(11)....+........++.
(2)(10)(10)(11).........+..++..
(2)(10)(10)(11)........+..+++..
(2)(10)(10)(11)........+..+.+..
(2)(10)(10)(11).........+..+.+.
(2)(10)(11)(11)....+..++...+...
(2)(10)(10)(11)....+...+....+..
(10)(10)(11)(11)...++.+.........
(2)(2)(2)(11)....+....+..+...
(2)(10)(11)(11)....+.+.....+...
(2)(10)(10)(11).+.+.......+....
(2)(2)(10)(10)....+...+.....+.
(2)(10)(11)(11)..+....+....+...
(2)(2)(2)(10)....+....+....+.
(2)(10)(11)(11)....+.+.+....+..
(2)(2)(10)(11)....+....+.+.+..
(2)(10)(10)(11).+.......+....+.
(2)(2)(10)(11)....+..++.......
(2)(2)(10)(10)....+....+....+.
(2)(10)(10)(11)..+......+..+...
(2)(10)(10)(10).+...........++.
(2)(2)(10)(11)......+++.......
(2)(2)(2)(10).......++...+...
(2)(10)(10)(11).+.....++.......
(2)(2)(2)(11)........+...++..
(2)(2)(10)(11)....+...+.....+.
(2)(2)(11)(11)....+.+.....+...
(2)(2)(10)(11)....+.+....+....
(2)(10)(10)(10)..+......+...+..
(2)(2)(10)(11)...+.....+.+....
(2)(2)(11)(11)...++.+.........
(2)(10)(11)(11)....+.+.+...+...
(2)(2)(2)(11)....+..++.......
(10)(10)(11)(11)....+.+.....+...
(2)(10)(10)(10)....+....+....+.
(2)(2)(10)(10)..+....+....+...
(2)(2)(10)(11)........+...++..
(2)(2)(2)(10)...++....+......
(2)(2)(11)(11)........+...++..
(10)(10)(11)(11)..+.+........+..
(2)(2)(10)(11)..+.........++..
(2)(2)(2)(11)....+......++...
(2)(2)(2)(11)...+...+.+.+....
(2)(2)(2)(10).......+.+..+...
(2)(2)(11)(11)..+.+........+..
(10)(10)(10)(11)....+......++...
(2)(2)(2)(11)....+...+..+....
(10)(10)(10)(11)...++....+......
(2)(2)(10)(11)....+..++..+....
(2)(2)(10)(11)....+...+..++...
(2)(2)(11)(11)......+.+....+..
(2)(10)(11)(11).++....+........
(2)(10)(10)(11)....+..++...+...
(2)(10)(10)(11)....+...+..++...
(2)(10)(11)(11).........+..++..
(2)(10)(10)(10).+......+.....+.
(2)(2)(2)(10)....+....+.+....
(2)(2)(2)(11).......++..+....
(2)(2)(2)(2)....+.......+.+.
(2)(10)(10)(11)....+....+..+...
(2)(2)(10)(10)....+..+......+.
(10)(10)(10)(11)....+...+.....+.
(2)(2)(2)(2)........++..+...
(10)(10)(11)(11)..+.+..+........
(2)(2)(10)(11)...+..+....+....
(10)(10)(10)(11)....+...+..+....
(2)(10)(10)(11).+...........++.
(2)(10)(11)(11)..+.........++..
(2)(2)(10)(11)..+...+......+..
(10)(10)(11)(11)......+.+...+...
(10)(10)(10)(11)....+..++.......
(2)(2)(11)(11)........++..+...
(2)(10)(11)(11)...+.....+...+..
(2)(2)(10)(11)...+..+.+.......
(10)(10)(10)(10)....+....+..+...
(2)(10)(11)(11).++..........+..
(2)(10)(10)(11).+......+.....+.
(2)(10)(10)(11)...++....+......
(2)(2)(10)(11)......++....+...
(2)(2)(2)(10)....+......++...
(2)(2)(10)(10)...++.........+.
(2)(2)(10)(11)....+..++...+...
(2)(10)(10)(11).+.......+..+...
(10)(10)(11)(11).......++...+...
(2)(10)(11)(11).+.......+..+...
(2)(2)(10)(10)..+.+.........+.
(2)(2)(10)(11)..+.+........+..
(2)(2)(10)(11).........+..++..
(2)(2)(10)(11)..+...+.....+...
(10)(10)(10)(11)....+..++..+....
(10)(10)(11)(11)........++..+...
(2)(2)(11)(11)..+.........++..
(10)(10)(10)(11).........+..+.+.
(2)(10)(10)(11).+.........+.+..
(2)(2)(2)(10)....+...+..+....
(2)(10)(11)(11)........++...+..
(2)(2)(10)(11)......+.+....+..
(2)(2)(2)(10)...+...+.+......
(2)(2)(11)(11)........++...+..
(10)(10)(10)(11)....+...+....+..
(2)(10)(10)(11)...+.....+...+..
(2)(2)(10)(11)...++....+......
(10)(10)(10)(11)....+........++.
(10)(10)(10)(11)....+....+.+....
(2)(2)(2)(11).........+..+.+.
(10)(10)(10)(10)....+...+.....+.
(2)(10)(10)(10)........+....++.
(2)(2)(2)(10)....+..++.......
(2)(2)(11)(11)....+...+....+..
(2)(2)(11)(11).........+..++..
(10)(10)(11)(11)..+.........++..
(2)(10)(11)(11)..+......+..+...
(2)(2)(11)(11)..+.+..+........
(2)(2)(2)(10)...+.....+.+....
(10)(10)(11)(11)........+...++..
(10)(10)(11)(11)......+.....++..
(2)(2)(2)(2)....+...+....+..
(2)(10)(10)(11).+..........+.+.
(2)(2)(2)(11)....+.......+.+.
(2)(2)(2)(2)........++...+..
(2)(10)(10)(11)....+....+....+.
(2)(2)(10)(11)..+....+......+.
(10)(10)(10)(11)...+....++......
(2)(2)(10)(10)......+.+....+..
(2)(10)(10)(11).+.......+.+....
(2)(10)(10)(11)..++.........+..
(2)(2)(10)(11)....+.+.......+.
(2)(10)(10)(10)..+..........++.
(2)(10)(10)(11).......++...+...
(2)(2)(2)(2).........+..+.+.
(2)(2)(10)(10)....+.+.......+.
(2)(2)(10)(11)..+.+..+........
(2)(2)(2)(11)........+....++.
(2)(10)(10)(11)....+.......+.+.
(2)(2)(2)(11).........+..++..
(2)(2)(11)(11)....+.+.+...+...
(2)(10)(10)(10).+.......+....+.
(2)(2)(2)(10)........++..+...
(2)(10)(10)(11).......+++......
(2)(2)(10)(10)....+.......+.+.
(2)(2)(2)(10)...+...+.+.+....
(10)(10)(10)(11).......++..+....
(10)(10)(10)(10)....+........++.
(2)(2)(10)(11)......+.....+.+.
(2)(10)(10)(10)....+....+..+...
(10)(10)(10)(11)...+...++.......
(2)(2)(10)(10)..+...+.....+...
(2)(10)(11)(18)....+...+....+..
(2)(10)(11)(19)....+...+....+..
(2)(10)(10)(10).+......+....+..
(2)(2)(10)(11)......+.....++..
(2)(2)(10)(11)....+...+....+..
(2)(10)(10)(11).+.+.....+.+....
(2)(10)(10)(10).........+..++..
(2)(2)(10)(11)..+...++........
(2)(2)(10)(10)........+...++..
(2)(2)(10)(11).........+..+.+.
(2)(2)(2)(2)....+........++.
(2)(2)(10)(11)..+..........++.
(2)(10)(10)(10)........++...+..
(2)(10)(10)(11)....+..+.+..+...
(2)(2)(2)(11)...+....++......
(2)(2)(10)(11)......+.+...++..
(2)(10)(10)(11)..++.....+......
(2)(2)(2)(2)....+...++..+...
(2)(2)(10)(10)...++..+......+.
(2)(2)(2)(11)........+..+.+..
(2)(2)(2)(10)....+........++.
(2)(2)(10)(11)...++..+...+....
(2)(2)(10)(11).......++..++...
(2)(2)(11)(11)..+...+.....+...
(2)(10)(10)(11)....+......+++..
(2)(2)(2)(10).......+++......
(2)(2)(2)(10)....+.......+.+.
(2)(2)(2)(10)........+...++..
(2)(10)(11)(11)..+......+...+..
(2)(2)(10)(11)..++..++........
(2)(2)(10)(10)........++..+...
(2)(2)(10)(11)....+.+.....+...
(2)(2)(2)(10)...++......+....
(2)(10)(10)(11)....+..++..+....
(2)(2)(2)(11)....+....+.+.+..
(2)(10)(11)(11).+.+..+.........
(2)(10)(10)(11).+.+.....+......
(2)(2)(11)(11)......+.....++..
(10)(10)(10)(11).......+++......
(2)(2)(10)(11)...++.+.........
(2)(2)(2)(2)....+...++...+..
(2)(2)(2)(10)....+..++..+....
(2)(2)(10)(10)..+.+..+........
(2)(2)(10)(10)....+...+....+..
(10)(10)(10)(10)....+...+....+..
(2)(2)(10)(11)......+.+..++...
(2)(2)(10)(10)...++.+.........
(2)(2)(10)(10)..+..........++.
(2)(10)(10)(10)....+........++.
(2)(2)(10)(11)..++..+.........
(2)(2)(2)(10)........+..+.+..
(2)(2)(10)(11)....+..++..++...
(2)(10)(10)(10)........+...++..
(2)(2)(2)(10)....+..+...+....
(2)(2)(2)(11)...++..+...+....
(2)(2)(10)(10)....+........++.
(10)(10)(10)(11)....+....+..+...
(2)(2)(11)(11)....+..++...+...
(2)(2)(10)(11)..+.+.+....+....
(2)(2)(2)(11).........+.+++..
(2)(10)(11)(11)....+...++..+...
(10)(10)(10)(10)........+...++..
(2)(2)(10)(10)..+.+.+.....+...
(2)(2)(10)(10)..+.+........+..
(2)(2)(10)(10)..+....+......+.
(2)(2)(2)(10).........+.++...
(2)(10)(10)(10)..+.........++..
(2)(2)(10)(10)......+.....+.+.
(2)(10)(10)(11)....+...+...+.+.
(2)(2)(2)(2)........+...++..
(2)(10)(10)(11)....+..+...++...
(2)(2)(2)(11)....+..++..+....
(2)(10)(10)(10).++..........+..
(2)(10)(10)(19)....+...+.....+.
(2)(10)(10)(10).........+..+.+.
(2)(2)(10)(18)....+...+.....+.
(2)(2)(10)(19)....+...+.....+.
(2)(10)(10)(10)...+.....+....+.
(2)(2)(10)(11)....+..+...++...
(2)(2)(10)(11).......+++......
(2)(2)(2)(11)....+...++..+...
(2)(2)(2)(2)....+....+...++.
(2)(10)(10)(10)........++..+...
(2)(10)(11)(11).+......+....+..
(2)(10)(11)(19)......+.+....+..
(2)(2)(10)(10)...+..++........
(10)(10)(10)(11)........++..+...
(2)(10)(11)(18)......+.+....+..
(2)(10)(10)(18)....+...+.....+.
(2)(10)(10)(18)....+...+....+..
(2)(10)(11)(11)....+...+...++..
(10)(10)(10)(10)........+....++.
(2)(2)(10)(10)...+..+.......+.
(2)(2)(11)(18)...+..+.+.......
(2)(2)(2)(2).........+..++..
(2)(2)(2)(2)........++..++..
(2)(10)(10)(10).+.......+..+...
(2)(2)(2)(11).......+++......
(2)(2)(10)(11)....+...+...+.+.
(2)(10)(18)(19).++......+....+.
(2)(2)(10)(10)....+.+.....+...
(2)(2)(2)(10).......+.+.++...
(2)(10)(10)(11)........++...+..
(2)(2)(10)(11)..+.+.+.....+...
(2)(2)(10)(10)........+....++.
(2)(2)(10)(11)..++...+......+.
(2)(2)(10)(11).........+.+++..
(2)(2)(2)(10)...++...++......
(2)(2)(10)(11)....+..+....+.+.
(2)(2)(2)(11)...+...++.......
(2)(2)(2)(2)....+...+...+.+.
(2)(2)(2)(13)...++....+......
(2)(10)(10)(10).++...........+.
(2)(2)(2)(11)....+...++...+..
(2)(2)(2)(10).........+..+.+.
(10)(10)(10)(10).........+..++..
(2)(2)(2)(2)....+...++....+.
(2)(2)(2)(11)...++....+.+....
(2)(10)(11)(18)...+..+.+.......
(2)(10)(10)(19)....+...+....+..
(10)(10)(10)(10)........++..+...
(10)(10)(11)(11)..+...+.....++..
(2)(10)(11)(18).+......+....+..
(2)(10)(18)(19)....+....+....+.
(10)(11)(18)(19).+......+.....+.
(10)(18)(18)(19)....+...+.....+.
(2)(10)(18)(19)....+........++.
(2)(10)(11)(19).+....+....+....
(2)(2)(10)(18)......+++.....+.
(2)(10)(11)(18).+.+..+......+..
(2)(10)(18)(18).+.+.....+...+..
(2)(2)(10)(19).......++.....+.
(2)(10)(11)(19)...+..+......+..
(2)(10)(19)(19)...+.....+...+..
(2)(2)(2)(11)...++...++......
(2)(10)(11)(11)..+.+........+..
(2)(10)(10)(11)....+..++..++...
(2)(2)(2)(11).......+.+.++...
(2)(10)(10)(11).++........+....
(2)(10)(10)(11).++....+........
(2)(2)(2)(10)........++...+..
(2)(10)(10)(11).++..........+..
(2)(2)(2)(10).........+..++..
(2)(2)(10)(10)......+++.......
(10)(10)(10)(11)....+.......+.+.
(2)(2)(11)(19).......++..+....
(2)(10)(10)(11)........++..+...
(2)(10)(10)(10)....+.......+.+.
(2)(2)(2)(10)...++..+.+......
(2)(2)(2)(11)....+..+++......
(2)(10)(10)(11)....+........++.
(2)(2)(10)(11)...++.+....+....
(10)(10)(10)(10).........+..+.+.
(2)(10)(10)(10).++..........++.
(2)(10)(10)(11)..+......+..++..
(2)(2)(2)(11)....+....+..+.+.
(2)(2)(10)(11)...++..++.......
(2)(2)(11)(11)........++..++..
(10)(10)(11)(19)..+...+......+..
(2)(2)(11)(11)....+..++.......
(10)(10)(10)(11)........+..+.+..
(2)(10)(10)(11).+.......+..+.+.
(2)(10)(10)(10)..++.........+..
(2)(2)(2)(11)...+...++..+....
(2)(2)(10)(18)....+....+....+.
(2)(2)(10)(19)....+....+....+.
(2)(10)(11)(11)....+..++.......
(2)(10)(11)(11)........++..++..
(2)(10)(11)(19)....+...+..+.+..
(10)(10)(11)(19)......+....++...
(2)(10)(11)(19)..+........+.+..
(10)(11)(11)(19).+.........++...
(2)(2)(11)(18).......+++......
(2)(11)(18)(19)..+.+.........+.
(10)(11)(18)(19).+..........+.+.
(10)(18)(19)(19)........++..++..
(10)(11)(19)(19).......++...+...
(2)(11)(18)(19)....+..+......+.
(10)(11)(18)(19).+.....+......+.
(2)(11)(18)(19).+.....+......+.
(2)(10)(11)(19)....+.+....+....
(2)(2)(11)(19)....+.+....+....
(2)(2)(10)(11)...++..+......+.
(2)(2)(2)(2)........+....++.
(2)(10)(11)(13)..+....+.+......
(2)(2)(10)(10)........++...+..
(2)(2)(10)(11)..+.+.........+.
(2)(10)(11)(18)..+...+......+..
(2)(2)(10)(18)..++..++......+.
(10)(10)(18)(19)........+....++.
(2)(2)(10)(10)......+.....++..
(2)(10)(11)(11)....+.+.....++..
(2)(2)(10)(11)....+....+...++.
(2)(2)(11)(11)..+.+.+.....+...
(2)(2)(10)(10)....+..++.......
(2)(2)(2)(11)........++...+..
(2)(10)(10)(11)..++...+.+......
(2)(2)(10)(13).......++..+....
(2)(2)(11)(19)..+...++........
(2)(11)(18)(19).+.+..........+.
(2)(2)(10)(10)........++..++..
(2)(10)(10)(13)...+.....+.+....
(2)(2)(11)(19)..++..+.........
(2)(2)(2)(10).......++..+....
(2)(2)(10)(11)....+....+..+...
(1)(2)(2)(11).+......+....+..
(2)(2)(10)(13)...++......+....
(2)(2)(11)(19)..++..++........
(2)(10)(11)(19)..++.........+..
(2)(11)(11)(19).+.+.......+....
(2)(2)(2)(10)...+....++......
(2)(2)(2)(13)....+..+...+....
(2)(2)(10)(11)...+..+.......+.
(2)(2)(2)(13)....+....+.+....
(2)(2)(10)(10)....+....+..+...
(2)(2)(2)(10)........++..++..
(2)(2)(2)(13)...+...+.+......
(2)(2)(2)(13)....+......+.+..
(2)(2)(2)(10)....+...++..+...
(2)(2)(10)(13)....+..+...+....
(2)(10)(10)(10).+..........+.+.
(1)(2)(10)(11).+.........+.+..
(2)(10)(10)(11)...+....++......
(2)(2)(2)(13)...+.....+.+....
(1)(2)(2)(2).+.......+..+...
(1)(2)(10)(11).+...........++.
(2)(2)(10)(13)....+......+.+..
(2)(2)(2)(11)........++..+...
(2)(10)(11)(13)...++.+.........
(2)(10)(10)(11)...++......+....
(2)(2)(10)(10).........+..+.+.
(2)(10)(10)(13).........+.++...
(2)(2)(2)(10)...+...++.......
(2)(2)(2)(13)....+...+..+....
(2)(2)(10)(13)..+.+.........+.
(1)(2)(10)(11).+......+....+..
(1)(2)(2)(11).+.........+.+..
(10)(10)(10)(11)........+...++..
(1)(2)(2)(2)..+......+..+...
(2)(10)(11)(13)...+...+.+......
(2)(10)(10)(10)........++..++..
(2)(2)(2)(11).......++...+...
(2)(2)(10)(13)....+....+.+....
(2)(2)(10)(11)........+..+.+..
(2)(2)(2)(13).......+.+..+...
(2)(2)(10)(13)...++....+......
(2)(2)(2)(13)...+....++......
(2)(2)(10)(11)...+....++......
(2)(2)(10)(13)...+...++.......
(1)(2)(10)(10)........++...+..
(1)(2)(2)(10)....+...++...+..
(2)(2)(10)(13).......++...+...
(2)(2)(10)(13)...+...+.+......
(2)(2)(10)(13)....+........++.
(2)(2)(2)(13).........+.++...
(1)(2)(2)(11)...+...++.......
(2)(2)(2)(10)....+...++...+..
(2)(10)(10)(13)...+...++.......
(2)(2)(10)(10).........+..++..
(1)(2)(2)(10)....+.......+.+.
(2)(10)(10)(11)...+...+.+.+....
(2)(2)(2)(13)....+...+....+..
(10)(10)(11)(13)..+.+..+........
(1)(2)(2)(2)....+...++..++..
(2)(2)(11)(13)..+.+..+........
(1)(2)(2)(2).+.......+....+.
(2)(2)(2)(10)........+....++.
(2)(2)(2)(13)...++......+....
(2)(2)(2)(13)....+...+.....+.
(1)(2)(2)(11)..+..........++.
(1)(2)(2)(10).+.......+.+....
(2)(2)(2)(13)....+....+....+.
(2)(2)(10)(13).........+.++...
(10)(10)(11)(11)....+.+.+...+...
(10)(10)(10)(13).........+.++...
(2)(10)(10)(13).......++..+....
(2)(2)(10)(13)..+....+....+...
(10)(10)(13)(13)....+.+.....+...
(10)(10)(10)(10)....+....+....+.
(2)(2)(10)(10)....+.+.....+.+.
(2)(2)(2)(2)....+....+..++..
(1)(2)(2)(10)....+......+.+..
(1)(2)(10)(11).+.....+...+....
(2)(10)(10)(13)....+....+.+....
(2)(10)(10)(13).........+..++..
(2)(2)(10)(10)..+.........++..
(1)(2)(2)(10).+.......+..+...
(1)(2)(2)(2)...+.....+...+..
(2)(10)(10)(11).+.+.......+.+..
(2)(10)(11)(11).+.+.....+......
(2)(2)(10)(11)..++...+...+....
(2)(2)(2)(13)....+..++.......
(2)(2)(11)(13)...+...+.+......
(2)(2)(10)(11)..+...++......+.
(1)(2)(2)(2).+...........++.
(1)(2)(10)(10)....+....+....+.
(2)(10)(11)(13)...+...++.......
(1)(2)(10)(11)...++......+....
(1)(2)(2)(11)...+.....+.+....
(2)(10)(10)(11).+......+....+..
(1)(2)(10)(11)....+....+....+.
(1)(2)(10)(13)....+....+....+.
(1)(2)(2)(2)..+......+...+..
(2)(2)(10)(13)....+...+..+....
(2)(2)(10)(13)....+..+......+.
(2)(2)(10)(11)........++...+..
(2)(2)(11)(13)..+.+........+..
(2)(2)(2)(11)...++...+..+....
(2)(10)(10)(11)..+.........++..
(1)(2)(2)(10).+..........+.+.
(2)(10)(11)(13)......+.....++..
(10)(10)(11)(13)....+..++.......
(2)(10)(11)(13)...+..+......+..
(2)(10)(10)(13)...+.....+...+..
(2)(2)(10)(13)...+..++........
(2)(2)(2)(11)....+...+....++.
(1)(2)(2)(10)........+...++..
(1)(2)(2)(10).........+..++..
(10)(10)(11)(13)......+.+....+..
(10)(10)(10)(13)....+......++...
(1)(2)(2)(11)...+....+....+..
(2)(2)(11)(13).......+++......
(10)(10)(11)(13)...+..+.+.......
(2)(2)(10)(11)..++..+.......+.
(2)(2)(10)(13)........+....++.
(1)(2)(2)(10).........+..+.+.
(2)(2)(10)(13)........+...++..
(2)(10)(10)(13)....+..+...+....
(1)(2)(10)(11)...+...++.......
(10)(10)(11)(13)..+....+....+...
(2)(2)(10)(13).......+.+..+...
(2)(2)(10)(11)........++..+...
(2)(2)(10)(13)......+.....+.+.
(2)(2)(11)(13).......+.+..+...
(2)(2)(2)(13)....+........++.
(2)(2)(11)(11)....+....+..+...
(2)(10)(10)(11)........+....++.
(2)(2)(10)(10)..+...++........
(2)(2)(2)(11)...++..+.+......
(10)(10)(10)(13)....+..+...+....
(1)(1)(2)(2)..++..++........
(2)(2)(10)(13)...+.....+.+....
(2)(2)(2)(2)....+...++..++..
(2)(10)(10)(13).+.........+.+..
(1)(2)(2)(11).+.....+...+....
(1)(2)(2)(11)...++......+....
(2)(10)(11)(13).......+++......
(2)(10)(10)(11).+.......+.+.+..
(10)(10)(10)(11)...++..+...+....
(1)(2)(2)(10)..+......+..+...
(2)(10)(10)(13).+.......+.+....
(2)(10)(11)(11).++......+..+...
(2)(2)(10)(11)......++....+.+.
(1)(2)(2)(10).+.......+....+.
(2)(2)(10)(11)...+..++...+....
(2)(10)(11)(13)........++...+..
(10)(10)(11)(13)......+.+...+...
(2)(10)(10)(13)....+......+.+..
(2)(10)(10)(13)....+......++...
(1)(2)(2)(10).+......+....+..
(10)(10)(10)(11)...+...+.+.+....
(2)(2)(10)(10)..++...+........
(2)(2)(10)(13)..+.+........+..
(2)(2)(2)(18)....+...+....+..
(2)(2)(11)(13)....+...+....+..
(2)(10)(11)(13)...+..+.+.......
(1)(2)(2)(13).+.......+....+.
(2)(2)(2)(11)....+...+..++...
(2)(2)(10)(13)...++.........+.
(1)(2)(2)(11)...+...+.+......
(2)(2)(10)(13)..+.+......+....
(2)(2)(10)(10)......++....+...
(1)(2)(2)(11).+.+.....+.+....
(2)(10)(11)(13).+....+.....+...
(2)(2)(11)(11)....+.+.+....+..
(2)(10)(10)(13).+.........++...
(10)(10)(11)(11)....+..++...+...
(1)(2)(2)(10).+...........++.
(2)(10)(11)(13)...+....+....+..
(1)(2)(10)(11)...+.....+.+....
(10)(10)(11)(13)...+...++.......
(2)(10)(13)(13)....+.+.....+...
(10)(10)(10)(13)...+.....+.+....
(2)(2)(2)(2)....+...+...++..
(2)(2)(2)(10)...++..++.......
(1)(2)(2)(10).++...........+.
(2)(2)(2)(10).......+++..+...
(1)(2)(10)(11)...+....++......
(2)(10)(10)(13)........+..+.+..
(2)(2)(11)(13)...++.+.........
(2)(10)(11)(13).......+.+..+...
(2)(10)(10)(13)..+......+..+...
(2)(2)(10)(13)..+...+.....+...
(2)(10)(10)(13).+..........+.+.
(10)(10)(10)(10)........++...+..
(1)(2)(2)(11).+.......+....+.
(2)(10)(10)(11)..++...+...+....
(1)(2)(2)(11).+...........++.
(2)(2)(2)(10)...++..+...+....
(1)(10)(10)(11)...+...++.......
(2)(2)(2)(11)....+....+..++..
(2)(2)(10)(13)....+..++..+....
(2)(2)(10)(13)..+...+......+..
(2)(2)(10)(13)..+....+...+....
(10)(10)(10)(11)....+....+.+.+..
(10)(10)(10)(11)........+..+++..
(2)(10)(10)(11).+.+...+...+....
(1)(2)(2)(2).++..........++.
(2)(10)(10)(10).+.......+..+.+.
(1)(2)(10)(11).+.......+.+....
(2)(10)(10)(13)....+...+..+....
(2)(2)(10)(13)......+....++...
(2)(2)(2)(11)....+...++....+.
(2)(10)(11)(13)...+....++......
(2)(2)(2)(11)....+....+...++.
(2)(2)(2)(11)....+..+.+..+...
(2)(2)(10)(10)..++..+.........
(1)(2)(2)(2).+......+.....+.
(1)(2)(2)(2).+......+....+..
(2)(10)(10)(11)....+..+.+.+....
(10)(10)(11)(11)..+.+..+....+...
(2)(2)(10)(13)....+...+.....+.
(2)(2)(2)(13)........+....++.
(2)(10)(10)(13).+......+..+....
(2)(10)(10)(13)...+...+.+......
(2)(10)(11)(11)....+....+..+...
(1)(2)(2)(2).++...........+.
(1)(2)(2)(11)....+....+....+.
(2)(2)(2)(11)....+..++...+...
(2)(2)(11)(11)..+.+.......++..
(2)(2)(11)(13)...++....+......
(2)(10)(10)(11)...+.....+.+.+..
(2)(2)(2)(10)...++...+..+....
(2)(2)(2)(18)....+...+.....+.
(2)(2)(10)(13)....+...+....+..
(2)(10)(11)(13)..+.+..+........
(2)(10)(10)(13)..+....+.+......
(10)(10)(10)(11)...++..+.+......
(2)(10)(10)(11)..+....+.+.+....
(10)(10)(10)(11)...++..++..+....
(2)(2)(11)(13)...+...++.......
(2)(2)(11)(13)...+..+.+.......
(1)(2)(10)(11)...+....+....+..
(2)(2)(10)(11)...+...++..+....
(10)(10)(10)(13)...++......+....
(2)(2)(2)(11)....+..+...++...
(2)(10)(10)(11)...++...+..+....
(2)(2)(2)(13)...++...++......
(2)(10)(10)(13)..++...+........
(2)(2)(10)(13)......+++.......
(1)(2)(2)(10).+.+.......+....
(10)(10)(11)(11)....+....+..+...
(1)(2)(10)(10).+...........++.
(1)(2)(2)(11)...+.....+....+.
(1)(2)(2)(11)...+.....+...+..
(1)(2)(10)(11)...+...+.+......
(2)(2)(10)(13)......++....+...
(2)(2)(2)(13).......+++......
(1)(2)(10)(11).+.......+....+.
(1)(2)(2)(10)...+...+.+......
(2)(10)(10)(11).++...........+.
(1)(2)(2)(11)..+........+.+..
(1)(2)(10)(11).+....+....+....
(1)(2)(2)(10)..+........+.+..
(2)(2)(2)(2)....+...+....++.
(2)(2)(10)(13)....+.+.......+.
(2)(2)(10)(11)....+.+.....++..
(2)(2)(2)(11)....+...+...+.+.
(2)(2)(2)(10)....+..+.+.+....
(2)(2)(2)(13).........+..+.+.
(2)(10)(10)(13).+.....+...+....
(2)(2)(10)(13)....+.+....+....
(2)(2)(2)(18)...++....+......
(2)(10)(11)(11).++......+...+..
(2)(2)(10)(18)....+...+....+..
(2)(10)(10)(13)....+...+.....+.
(1)(2)(10)(10).+.......+..+...
(2)(2)(2)(13).......++..+....
(1)(2)(2)(10).++........+....
(1)(2)(2)(11).++........+....
(10)(10)(11)(13)...++.+.........
(2)(2)(2)(10)....+...++....+.
(2)(2)(2)(13)....+..+++......
(2)(2)(10)(13)...+..+.+.......
(1)(2)(2)(2).+.......+...++.
(2)(2)(10)(10)..+.+.+.......+.
(1)(2)(2)(10)..+....+.+......
(2)(2)(2)(10)...++..++..+....
(1)(2)(10)(10)..+...+......+..
(2)(10)(11)(13).++..........+..
(2)(10)(10)(13).......+.+..+...
(1)(2)(2)(10).+......+.....+.
(1)(2)(10)(11)....+....+.+....
(2)(10)(11)(13).++....+........
(2)(2)(10)(13)..+.+..+........
(2)(10)(10)(13)...++......+....
(2)(10)(10)(10)..++.....+......
(2)(10)(10)(11)....+....+...++.
(2)(2)(10)(11)..+.+.+.......+.
(2)(2)(10)(11).......++...+.+.
(10)(10)(10)(13)...+...++.......
(10)(10)(10)(11).......++...+...
(10)(10)(11)(11)....+...+....+..
(2)(10)(10)(11)..++.......+.+..
(2)(2)(10)(19)......+.....+.+.
(1)(2)(2)(10)...+.....+.+....
(2)(2)(2)(18)....+....+....+.
(2)(10)(10)(13)....+...+....+..
(1)(2)(10)(11)...+...+.+.+....
(2)(2)(2)(13)...++..+...+....
(2)(10)(11)(11).+.+.....+...+..
(2)(2)(10)(11)......++...++...
(2)(2)(10)(18)..+...+......+..
(1)(2)(2)(2)..+..........++.
(1)(2)(2)(10)....+........++.
(1)(2)(10)(10).+.......+....+.
(1)(2)(10)(10).+....+.......+.
(2)(10)(10)(11)...+...++..+....
(2)(10)(10)(13)...+....++......
(2)(10)(10)(13).+.+.....+......
(2)(10)(13)(13).++..........+..
(2)(10)(11)(13).+.+.....+......
(2)(10)(10)(11).......+.+.++...
(10)(10)(10)(11).......+.+.++...
(2)(2)(2)(2)....+....+..+.+.
(2)(10)(18)(19).+.........+.+..
(1)(2)(10)(10)..+...++........
(2)(2)(10)(19)..+.+.........+.
(1)(1)(2)(2)......+.+....+..
(2)(2)(10)(11).......+.+.++...
(2)(2)(13)(13)....+.+.....+...
(2)(2)(2)(13)...+...+.+.+....
(2)(2)(11)(13)....+..++.......
(1)(2)(10)(10)..+......+...+..
(2)(2)(2)(10)...+...++..+....
(1)(2)(2)(10)...+...+.+.+....
(2)(10)(10)(10).+.+..........+.
(1)(2)(10)(19).++...........+.
(1)(2)(10)(10).+......+....+..
(2)(10)(11)(13).........+..++..
(2)(10)(11)(13)..+...+......+..
(2)(2)(2)(13)....+..++..+....
(2)(2)(10)(10)......+++...+...
(1)(10)(10)(11)...++......+....
(2)(2)(10)(11)......+++...+...
(2)(10)(11)(13)....+.+.....+...
(2)(10)(10)(11)...++..+...+....
(2)(2)(10)(11)....+..+.+.+....
(2)(2)(10)(11)...++...+..+....
(2)(2)(10)(13)......+.....++..
(2)(10)(11)(13).+.+..+.........
(1)(2)(10)(11)..+........+.+..
(1)(10)(10)(11)..+....+...+....
(1)(2)(10)(10)...+.....+...+..
(1)(2)(10)(11).++........+....
(1)(2)(10)(11)..+....+.+......
(1)(2)(10)(19)..+..........++.
(1)(2)(10)(11)..+...++........
(1)(10)(10)(11).+...........++.
(1)(2)(10)(18)..+...+......+..
(1)(10)(10)(10).+...........++.
(1)(2)(10)(11).++...........+.
(1)(2)(10)(10).++...........+.
(1)(2)(2)(10).+.+..........+.
(10)(10)(11)(11)........++...+..
(1)(2)(2)(2)....+........++.
(2)(2)(10)(18)..+.+........+..
(2)(10)(10)(13)..+....+...+....
(2)(10)(11)(19)..++..+.........
(1)(1)(2)(10)..++..++........
(2)(2)(10)(19)..+...+......+..
(2)(10)(10)(19).+......+....+..
(10)(10)(11)(11).........+..++..
(2)(2)(2)(11)...++..++.......
(1)(2)(10)(11)...+..++........
(2)(2)(10)(11)...+...+.+.+....
(2)(2)(10)(13)..+...++........
(2)(2)(11)(19)......+++.......
(2)(10)(11)(19)..++.....+......
(1)(2)(2)(2).+.+.....+......
(2)(2)(10)(19)....+.+.......+.
(2)(2)(2)(11)....+...+...++..
(2)(2)(10)(11)....+...+...++..
(2)(2)(11)(11)....+...++..+...
(2)(2)(10)(10)..++..++........
(1)(2)(2)(13)...+.....+.+....
(10)(10)(10)(11)....+......+++..
(10)(10)(11)(11)....+...++..+...
(2)(2)(2)(19)....+...+....+..
(10)(10)(10)(11)........++...+..
(2)(10)(11)(18).+....+....+....
(2)(2)(2)(10)...++....+.+....
(1)(2)(2)(10).+.........+.+..
(1)(2)(2)(10)....+...+..++...
(2)(2)(10)(11)........+..+++..
(1)(2)(2)(11).+.......+.+....
(2)(2)(2)(2)........++...++.
(1)(2)(10)(11).+....+.......+.
(2)(10)(10)(13)....+..++.......
(2)(2)(10)(13)..++..++........
(2)(2)(10)(13)....+..++.......
(1)(1)(2)(2)..+...++........
(10)(10)(10)(11)........+....++.
(1)(2)(2)(2)....+....+...++.
(2)(2)(2)(11)....+..++..++...
(1)(2)(2)(13)...+...++.......
(2)(10)(11)(11).+.+..+......+..
(2)(2)(10)(11)......+++.....+.
(1)(2)(2)(10).+.+.....+......
(1)(2)(10)(19)..+...+......+..
(2)(2)(10)(19)..+...+.....+...
(2)(2)(10)(18)...+.....+.+....
(2)(2)(10)(18)...++......+....
(2)(10)(10)(19).++..........+..
(2)(10)(10)(18).+......+..+....
(2)(10)(11)(11).++...+.....+...
(1)(2)(2)(10)....+..++...+...
(2)(2)(10)(13)...++..+...+....
(2)(2)(10)(13)..+.........++..
(1)(2)(2)(11).+.......+..+...
(1)(2)(10)(10).........+..++..
(2)(2)(11)(18)....+.+.....+...
(2)(2)(2)(19)....+....+....+.
(2)(2)(10)(19)..+..........++.
(2)(2)(10)(19)..+.+.+.......+.
(1)(10)(18)(19).+.........+.+..
(2)(2)(10)(18)..+...+.....+...
(2)(2)(18)(19)..+.+......+....
(2)(10)(18)(19)....+.+....+....
(2)(10)(10)(18)...+...+.+......
(2)(2)(11)(18)...++......+....
(2)(10)(11)(18)....+..+...+....
(2)(2)(10)(18)...++....+......
(2)(11)(11)(18)....+..++.......
(10)(10)(11)(13)..+...+.....+...
(10)(10)(11)(13)..+...+......+..
(2)(2)(10)(13)......+.+....+..
(1)(2)(10)(11).+.......+..++..
(1)(2)(10)(11).+......+....++.
(1)(2)(10)(11).+......+.....+.
(1)(10)(11)(11)....+....+..+...
(2)(10)(10)(11).+.+.....+...+..
(2)(2)(10)(19)....+...+....+..
(2)(10)(11)(19).+....+.....+...
(2)(10)(11)(19).+.......+..+...
(2)(10)(10)(19).+.......+..+...
(2)(10)(11)(19)..+.+........+..
(2)(10)(11)(19).++..........+..
(10)(10)(11)(19)........++..+...
(2)(10)(18)(19).+......+....+..
(10)(10)(10)(19)........++..+...
(10)(10)(18)(19)..+.+......+....
(2)(2)(18)(19)......+....++...
(2)(10)(18)(19)..+........+.+..
(2)(10)(11)(18)...+..+....+....
(2)(10)(11)(18)...+...+.+......
(2)(2)(10)(18)...++..+...+....
(10)(10)(11)(18)...++......+....
(2)(10)(18)(19)......+....++...
(2)(10)(11)(18).......++..+....
(1)(1)(2)(10)......+.+....+..
(2)(10)(11)(13)......+.+....+..
(10)(10)(11)(13)....+....+..+...
(1)(2)(2)(10).+......+..++...
(1)(2)(10)(11)...+..+....+....
(2)(2)(11)(11)....+...+...++..
(1)(2)(11)(11)...+..+......+..
(1)(1)(2)(11)..+....+......+.
(2)(2)(2)(13).......+.+.++...
(2)(2)(2)(13)...+...++..+....
(2)(2)(2)(13)...++...+..+....
(2)(2)(10)(13)..++...+........
(1)(2)(2)(10)........++...+..
(1)(2)(2)(2)..+.........++..
(2)(2)(11)(13)..+....+....+...
(10)(10)(10)(13)....+..++.......
(1)(2)(10)(11).+.......+..+...
(1)(2)(2)(10)..+......+...+..
(1)(2)(10)(11).......+++......
(2)(2)(10)(11)......+.+....++.
(2)(10)(11)(11).+......++...+..
(2)(2)(10)(10)..+.+..+......+.
(1)(2)(11)(11).+.......+..++..
(1)(2)(2)(10)..+.........++..
(1)(2)(10)(11)........++..+...
(1)(2)(2)(11).++...........+.
(1)(10)(10)(13)...+...+.+......
(1)(2)(2)(10)....+...+..+.+..
(1)(2)(10)(10)....+.+.......+.
(1)(2)(2)(2)....+...+....+..
(10)(10)(10)(11)....+..+...++...
(10)(10)(10)(10)....+.......+.+.
(2)(10)(10)(10).+.+.....+......
(1)(1)(2)(2)..++..+.........
(2)(2)(2)(11)...++..++..+....
(2)(2)(10)(11)..++..++...+....
(2)(10)(11)(19)......+.....++..
(10)(11)(18)(19).+.........++...
(2)(10)(11)(18).+....+.....+...
(2)(10)(19)(19)........++..++..
(2)(18)(19)(19).......++...+...
(2)(10)(11)(19).........+..++..
(10)(11)(18)(19)....+......++...
(2)(10)(11)(18).+.......+..+...
(2)(10)(10)(19).........+..++..
(10)(10)(18)(19)....+......++...
(2)(10)(10)(18).+.......+..+...
(2)(2)(10)(19)........+....++.
(2)(2)(10)(18)......+.+....+..
(2)(2)(10)(19)....+........++.
(2)(2)(18)(19)....+......+.+..
(2)(2)(18)(19)..+.+.+....+....
(2)(11)(18)(19)....+.+....+....
(10)(11)(18)(19).+....+....+....
(10)(11)(18)(19)..+.+......+....
(2)(2)(2)(18)...++..+.+......
(2)(2)(2)(18)...++...+..+....
(2)(2)(11)(18)...+.....+.+....
(2)(2)(11)(18)...++..+...+....
(2)(11)(18)(19)......+....++...
(10)(11)(18)(19)......+....++...
(10)(11)(11)(18)...+...++.......
(10)(10)(18)(19)......+....++...
(10)(10)(11)(18)...+..+....+....
(2)(10)(10)(18).......++..+....
(10)(10)(11)(18)...+...+.+......
(2)(2)(11)(18).......++..+....
(2)(2)(10)(18).......++..+....
(2)(10)(10)(18)....+..+...+....
(2)(2)(11)(18)...++.+.........
(2)(2)(11)(18)....+....+.+....
(2)(11)(11)(18)....+...+..+....
(2)(10)(11)(18)....+.+....+....
(10)(11)(11)(18).+.....++.......
(2)(10)(10)(18)....+..++.......
(2)(10)(11)(18)....+..++.......
(2)(2)(11)(18)..+.+........+..
(2)(2)(2)(18).......+++......
(2)(2)(10)(18)....+...+..+....
(2)(10)(11)(18).......+++......
(10)(10)(11)(18)...+..+.+.......
(10)(10)(11)(18)...++.+.........
(2)(10)(10)(18)..+....+.+......
(1)(2)(2)(2).+.+..........+.
(1)(2)(2)(11)..+....+.+......
(1)(2)(2)(11).+.....++.......
(1)(2)(2)(2)...+.....+....+.
(1)(2)(10)(10)....+........++.
(1)(2)(2)(10)....+....+.+....
(1)(2)(2)(2)....+....+....+.
(1)(1)(2)(2)..+....+....+...
(2)(2)(10)(11)....+...+....++.
(2)(10)(10)(13).+......+.....+.
(1)(2)(10)(13).+.......+....+.
(2)(10)(10)(13)........++...+..
(10)(10)(11)(13)....+.+.....+...
(2)(10)(11)(13).+......+....+..
(1)(2)(10)(11)........++...+..
(1)(2)(10)(10)........++..+...
(1)(2)(10)(10)....+..++...+...
(1)(2)(2)(2).........+..+.+.
(1)(2)(2)(11).......+++......
(1)(2)(2)(2)........++...+..
(1)(2)(2)(11)........++...+..
(2)(2)(10)(11)....+......+++..
(2)(2)(2)(11)....+......+++..
(2)(2)(11)(11)....+.+.....++..
(2)(2)(10)(11)..+...+.....++..
(2)(2)(10)(13)....+....+....+.
(2)(2)(10)(11)..+...++...+....
(2)(10)(11)(11).++...+......+..
(2)(2)(11)(11)....+...++..++..
(2)(10)(11)(11)..+.+..+....+...
(2)(2)(11)(11)..+.+..+....+...
(2)(2)(2)(18)....+......+.+..
(2)(2)(10)(11)....+....+.++...
(2)(2)(2)(13)...+...++.......
(10)(10)(11)(13).......++...+...
(2)(2)(10)(13)...+..+....+....
(2)(10)(10)(13).+.+.......+....
(2)(2)(2)(13)...++....+.+....
(2)(10)(10)(11)....+....+.++...
(2)(2)(10)(13)...+....++......
(1)(2)(2)(10)....+....+....+.
(2)(2)(11)(13)..+...+.....+...
(2)(2)(11)(13)..+.........++..
(2)(10)(11)(13)..+....+....+...
(2)(2)(11)(13)...+....++......
(2)(2)(10)(10)......+.+...++..
(1)(2)(2)(11)..+......+..+...
(1)(10)(10)(11)....+...+.....+.
(1)(2)(10)(10)........++..++..
(1)(10)(10)(11)....+...+....+..
(2)(10)(10)(11).+.+..........+.
(2)(10)(10)(11)....+...+....++.
(2)(2)(10)(11)....+.+......++.
(1)(2)(2)(11)..+......+..+.+.
(1)(2)(2)(11).+.......+..++..
(1)(2)(2)(11).++.........+.+.
(1)(2)(10)(11).+......+...++..
(1)(2)(10)(13)...+.....+.+....
(1)(2)(2)(13).+.+.....+.+....
(1)(2)(10)(13)...+...++.......
(1)(2)(10)(13)...+....++......
(2)(2)(13)(13)..+.+..+........
(1)(2)(2)(11)....+....+.+....
(1)(2)(10)(11)....+.+....+....
(1)(2)(2)(10)....+..++..+....
(1)(2)(2)(10).+......+..+....
(2)(10)(10)(11)..+......+.+.+..
(2)(10)(10)(11).........+.+++..
(2)(10)(10)(11).+.+.....+.+.+..
(2)(10)(10)(11)....+....+.+.+..
