0.38833785746741095
2.536497166628606
0.2603240896602544
0.43030283054626267
0.3073507565466535
1.3059758592519521
0.2094128670610864
1.389846948504917
3.004350702398301
1.1343491250332542
0.2669160629910137
0.18127926659588142
1.9038442975899275
5.672451908023138
0.560788588352454
0.2081180151568301
0.9640760996235512
0.21447456086863376
1.1531244776449705
0.6049901238113848
2.2189053086573796
0.19575806516165636
0.6161729357117801
1.3277529140053537
0.16956674255283585
1.1892626171546687
0.7057531447244202
4.512146888000019
0.49045458718944157
0.5641434319225725
0.2009963296834205
0.16362219517420468
0.26126580013607714
0.30999931725990504
0.2224790999131272
0.17545243302672808
1.1109240769471629
0.2144157039638948
4.142172384811152
0.9901497084228938
0.27845201631984257
0.18292725992857126
5.38776105980097
0.12118636685744151
1.109334940519212
0.2201248237235703
0.18180897873853172
0.17003759779074723
0.9465955989160912
0.5583165983534193
3.4872716057811606
0.1167132420972834
0.5830953552485055
0.1681541768391017
0.27321375179807844
0.10541271638741026
1.857700484274612
0.1146532504314211
0.12471778114177687
0.798511626592962
0.11753723876362832
0.46638211315122224
0.09281733877328084
0.46691182529387254
0.3111175984499445
0.12048008400057444
1.0268764169799816
0.11806695090627861
1.1598930216899466
0.13643030518482246
0.42906683554674535
0.12771948328346192
0.14661254970465606
0.1183023785252343
0.14325770613453748
0.10900298757648456
2.229381837700908
0.1112395499565636
0.9914445603271501
0.11447667971720434
0.10770813567222826
0.11224011733712527
0.18698838635555692
0.3585562636695161
1.8303320235710134
0.13625373447060568
0.18587010516551739
0.179336988739497
0.36985678937938926
0.3371323503445483
0.11000355495704624
0.29752165345525344
0.10547157329214918
0.24143102323906027
0.08475394282404847
0.1208920823337469
0.08428308758613708
0.09440647520123176
0.12118636685744151
0.0770436883032496
0.12095093923848582
1.0460637679248703
0.34972772795867774
0.09640760996235513
0.13266346328153142
0.4248879953102819
0.07698483139851069
0.11989151495318523
0.08469508591930955
0.07292370497152503
0.08128138544445204
0.3769784748527989
0.24037159895375967
0.10588357162532167
0.12830805233085113
0.26073608799342685
0.32589068153941414
0.12383492757069303
0.07580769330373223
0.1183023785252343
0.07003971663931782
0.09670189448604974
0.1438462751819267
0.13754858637486198
0.12389378447543195
0.07692597449377177
0.0892859244889455
0.06138775164269621
0.06309460188012497
0.08134024234919096
0.07722025901746637
0.14196285423028115
0.20493974230092832
0.06356545711803635
0.26668063537205805
0.3573202686699987
0.06962771830614538
0.38133388580347916
0.1303091870919745
0.07745568663642206
0.08404765996718139
0.06951000449666751
0.151203388274292
0.10341158162628691
0.20134947111185403
0.09558361329601021
0.05091122259916799
0.11377039686033727
0.24349101490492253
0.066861443783416
0.0616231792616519
0.09340590782067007
0.10588357162532167
0.08287052187240293
0.05520777664510935
0.09923274138982341
0.05579634569249857
0.054678064502459045
0.3398986248672777
0.32695010582471473
0.14990853637003573
0.05391292474085305
0.055914059501976414
0.34237061486631243
0.25437954228162324
0.15208624184537584
0.050381510456517696
0.14755426018047882
0.43607080721067715
0.059445473786311764
0.2885165470301983
0.1772769970736347
0.11847894923945107
0.043554109506802684
0.0731002756857418
0.0958190409149659
0.1733335844561269
0.045672958077403895
0.28839883322072046
0.0525003590271189
0.08481279972878739
0.07980996282597896
0.03937526927033918
0.0639774554512088
0.04320096807836915
0.0971138928192222
0.05520777664510935
0.0989384568661288
0.043966107839975135
0.11300525709873128
0.1127698294797756
0.05532549045458719
0.039022127841905646
0.10635442686323304
0.05962204450052854
0.1304857578061913
0.27480288822602933
0.031194159511628947
0.04367182331628053
0.07221742211465795
1.110041223376079
0.043377538792585914
0.03802156046134396
0.0775734004458999
0.10535385948267134
0.10270529876941985
0.060387184262134526
0.037844989747127196
0.044907818315797904
0.057091197596754864
0.026132465704081606
0.08387108925296462
0.024896470704564237
1.033409533406002
0.06951000449666751
0.07686711758903284
0.03961069688929487
0.034549003081747534
0.03366614951066369
0.04914551545700032
0.13666573280377814
0.039022127841905646
0.1151829625740714
0.02572046737090915
0.0472620945053548
0.09634875305761621
0.036903279271304434
0.13737201566064522
0.03072330427371757
0.04167068855515716
0.04037583665090086
0.027662745227293596
0.06491916592703156
0.049027801647522476
0.10194015900781384
0.0352552859386146
0.035667284271787066
0.03142958713058464
0.031253016416367865
0.07845625401698375
0.03295986665379662
0.04479010450632005
0.08881506925103412
0.06951000449666751
0.026309036418298373
0.14478798565774945
0.019481635468583364
0.0720408514004412
0.026367893323037295
0.028663312607855276
0.04031697974616194
0.04025812284142302
0.039434126175078105
0.0950539011533599
0.0950539011533599
0.05279464355081352
0.0180102128501103
0.09687846520026651
0.034372432367530764
0.03484328760544215
0.03243015451114632
0.8606056610925253
0.019128494040149827
0.035549570462309214
0.031782728559018175
0.032018156177973864
0.03254786832062417
0.027662745227293596
0.016833074755331846
0.023719332609785787
0.056443771644626724
0.017892499040632455
0.02471989999034747
0.03466671689122538
0.1699198839812694
0.02471989999034747
0.057091197596754864
0.04496667522053682
0.019069637135410905
0.06680258687867709
0.11718409733519478
0.04167068855515716
0.017715928326415685
0.8669033498995902
0.020953058087056425
0.028369028084160666
0.11118069305182468
0.01924620784962767
0.02377818951452471
0.020953058087056425
0.01389022951838572
0.01759821451693784
0.015597079755814473
0.015832507374770165
0.0143610847562971
0.01901078023067198
0.04267125593571884
0.03372500641540262
0.017186216183765382
0.017009645469548616
0.031135302606890024
0.016774217850592923
0.027662745227293596
0.016715360945854
0.012536520709390502
0.01806906975484922
0.0227187652292241
0.15167424351220338
0.016362219517420465
0.02330733427661333
0.0268976054656876
0.01183023785252343
0.011477096424089896
0.027957029750988207
0.03354843570118585
0.019481635468583364
0.02383704641926363
0.02407247403821932
0.011653667138306664
0.011947951662001277
0.01506736761316417
0.0227187652292241
0.14808397232312911
0.02012906142071151
0.11388811066981512
0.022659908324485178
0.02248333761026841
0.013125089756779725
0.02154162713444565
0.02154162713444565
0.021659340943923498
0.015891364279509088
0.017186216183765382
0.017421643802721074
0.009770246186661143
0.053559783312419514
0.013654801899430032
0.016891931660070768
0.015597079755814473
0.011241668805134206
0.016774217850592923
0.016774217850592923
0.02154162713444565
0.016774217850592923
0.011182811900395282
0.010770813567222825
0.019069637135410905
0.02012906142071151
0.062152891404302205
0.015185081422642015
0.013831372613646798
0.01595022118424801
0.020717630468100733
0.026014751894603762
0.008593108091882691
0.00900510642505515
0.008004539044493466
0.008475394282404845
0.028133600465204977
0.007886825235015622
0.007710254520798853
0.007769111425537776
0.013713658804168954
0.02377818951452471
0.02130619951548996
0.01159481023356774
0.007710254520798853
0.012006808566740199
0.011535953328828818
0.009063963329794072
0.01135938261461205
0.014302227851558177
0.011300525709873128
0.011241668805134206
0.011182811900395282
0.011182811900395282
0.011182811900395282
0.011182811900395282
0.011182811900395282
0.011182811900395282
0.011182811900395282
0.010358815234050366
0.010358815234050366
0.010358815234050366
0.010358815234050366
0.010358815234050366
0.010358815234050366
0.006827400949715016
0.008298823568188078
0.7481301161364444
0.0072393992828874735
0.0065331164260204015
0.006356545711803634
0.018951923325933057
0.006179974997586868
0.013301660470996495
0.006179974997586868
0.006062261188109022
0.009534818567705453
0.006062261188109022
0.06309460188012497
0.005826833569153332
0.005826833569153332
0.0060034042833700995
0.005709119759675487
0.005709119759675487
0.005709119759675487
0.005709119759675487
0.005767976664414409
0.005944547378631177
0.005767976664414409
0.005709119759675487
0.005709119759675487
0.005650262854936564
0.005650262854936564
0.005650262854936564
0.011182811900395282
0.011182811900395282
0.011182811900395282
0.005591405950197641
0.005591405950197641
0.005591405950197641
0.005591405950197641
0.005591405950197641
0.005591405950197641
0.005591405950197641
0.005591405950197641
0.005591405950197641
0.005591405950197641
0.005591405950197641
0.005591405950197641
0.005591405950197641
0.005591405950197641
0.005591405950197641
0.005591405950197641
0.005532549045458719
0.008710821901360537
0.019481635468583364
0.012065665471479121
0.010299958329311444
0.004767409283852726
0.004767409283852726
0.004767409283852726
0.006474259521281479
0.005944547378631177
0.005944547378631177
0.005767976664414409
0.08269395115818617
0.00718054237814855
0.005650262854936564
0.020541059753883966
0.03843355879451642
0.005591405950197641
0.008946249520316227
0.011477096424089896
0.028839883322072043
0.007474826901843163
0.0352552859386146
0.03254786832062417
0.016833074755331846
0.004767409283852726
0.004767409283852726
0.004767409283852726
0.004590838569635958
0.014184514042080333
0.02460218618086962
0.004708552379113803
0.006179974997586868
0.006062261188109022
0.03425471855805292
0.011771380947784509
0.010358815234050366
0.008004539044493466
0.005002836902808417
0.010005673805616833
0.005061693807547339
0.014007943327863565
0.010535385948267134
0.0041788402364635
0.006591973330759324
0.005414835235980874
0.0043554109506802685
0.015243938327380937
0.003178272855901817
0.0025897038085125916
0.004119983331724577
0.005944547378631177
0.006415402616542557
0.005767976664414409
0.014890796898947404
0.0037668419032910426
0.006415402616542557
0.007827968330276698
0.006121118092847944
0.00670968714023717
0.002707417617990437
0.003354843570118585
0.004943979998069494
0.005944547378631177
0.0030017021416850497
0.003178272855901817
0.008416537377665923
0.004590838569635958
0.0042965540459413455
0.005885690473892254
0.0041788402364635
0.0038256988080299656
0.003060559046423972
0.014714226184730636
0.003178272855901817
0.009534818567705453
0.005061693807547339
0.004002269522246733
0.048027234266960796
0.0072393992828874735
0.001706850237428754
0.00670968714023717
0.0018834209516455213
0.006179974997586868
0.002295419284817979
0.009240534044010838
0.008416537377665923
0.0020599916658622886
0.003178272855901817
0.0020599916658622886
0.0027662745227293594
0.0043554109506802685
0.0018834209516455213
0.0024131330942958242
0.004767409283852726
0.0018834209516455213
0.0025897038085125916
0.002295419284817979
0.002236562380079057
0.0020011347611233665
0.004767409283852726
0.001412565713734141
0.001412565713734141
0.0018834209516455213
0.002825131427468282
0.007474826901843163
0.003060559046423972
0.0024131330942958242
0.004590838569635958
0.0014714226184730636
0.003119415951162895
0.003413700474857508
0.007003971663931782
0.0013537088089952186
0.0023542761895569016
0.007357113092365318
0.0030017021416850497
0.001942277856384444
0.0012359949995173734
0.0011771380947784508
0.00812225285397131
0.0030017021416850497
0.0015891364279509085
0.001647993332689831
0.001530279523211986
0.0013537088089952186
0.001412565713734141
0.001412565713734141
0.0011182811900395284
0.0011182811900395284
0.0021777054753401343
0.0021777054753401343
0.0037668419032910426
0.0011182811900395284
0.0012948519042562958
0.001824564046906599
0.0010594242853006056
0.001530279523211986
0.0035314142843353527
0.0011182811900395284
0.001530279523211986
0.0027662745227293594
0.0010005673805616832
0.0010005673805616832
0.0010005673805616832
0.001647993332689831
0.00347255737959643
0.001412565713734141
0.001942277856384444
0.0012948519042562958
0.0010005673805616832
0.0014714226184730636
0.0011771380947784508
0.0017657071421676763
0.0009417104758227606
0.002707417617990437
0.0010005673805616832
0.0010005673805616832
0.01665650404111508
0.0012359949995173734
0.0009417104758227606
0.0009417104758227606
0.007003971663931782
0.006768544044976092
0.0010594242853006056
0.0017657071421676763
0.017068502374287538
0.0012948519042562958
0.0009417104758227606
0.0011182811900395284
0.0011182811900395284
0.002295419284817979
0.0025308469037736694
0.0008239966663449155
0.0008239966663449155
0.0008239966663449155
0.001706850237428754
0.003884555712768888
0.01341937428047434
0.000765139761605993
0.0008239966663449155
0.0025897038085125916
0.0011182811900395284
0.0011771380947784508
0.0012359949995173734
0.0012359949995173734
0.0007062828568670705
0.0017657071421676763
0.0008828535710838382
0.0008239966663449155
0.000765139761605993
0.0010594242853006056
0.0007062828568670705
0.0011771380947784508
0.0010594242853006056
0.0011182811900395284
0.0007062828568670705
0.001530279523211986
0.0012359949995173734
0.000765139761605993
0.0011182811900395284
0.0013537088089952186
0.001824564046906599
0.0030017021416850497
0.0011771380947784508
0.0006474259521281479
0.0005885690473892254
0.0008239966663449155
0.0008828535710838382
0.0009417104758227606
0.0017657071421676763
0.0007062828568670705
0.0007062828568670705
0.003413700474857508
0.0012948519042562958
0.0024131330942958242
0.001824564046906599
0.0010594242853006056
0.0008828535710838382
0.0005297121426503028
0.0014714226184730636
0.001412565713734141
0.0005297121426503028
0.0005297121426503028
0.0014714226184730636
0.0005297121426503028
0.0008239966663449155
0.0010005673805616832
0.0005297121426503028
0.0006474259521281479
0.0005297121426503028
0.0006474259521281479
0.0005297121426503028
0.0005297121426503028
0.0014714226184730636
0.001706850237428754
0.0027662745227293594
0.000765139761605993
0.0005885690473892254
0.0012948519042562958
0.0005885690473892254
0.0004708552379113803
0.0017657071421676763
0.0007062828568670705
0.0010005673805616832
0.0008239966663449155
0.0007062828568670705
0.0004708552379113803
0.0004708552379113803
0.001530279523211986
0.0005885690473892254
0.0014714226184730636
0.0005885690473892254
0.0004708552379113803
0.0009417104758227606
0.0005297121426503028
0.0005297121426503028
0.0005297121426503028
0.0009417104758227606
0.0008828535710838382
0.0005297121426503028
0.0010594242853006056
0.0010594242853006056
0.0007062828568670705
0.0010005673805616832
0.00041199833317245773
0.0008239966663449155
0.0004708552379113803
0.007062828568670705
0.00041199833317245773
0.0005297121426503028
0.0005885690473892254
0.0005885690473892254
0.0005885690473892254
0.0005885690473892254
0.0005297121426503028
0.00035314142843353524
0.003354843570118585
0.00035314142843353524
0.0007062828568670705
0.0007062828568670705
0.0007062828568670705
0.00035314142843353524
0.00035314142843353524
0.00035314142843353524
0.00035314142843353524
0.00035314142843353524
0.00035314142843353524
0.00035314142843353524
0.00035314142843353524
0.0011771380947784508
0.0005885690473892254
0.0017657071421676763
0.0008828535710838382
0.000765139761605993
0.0004708552379113803
0.0007062828568670705
0.0007062828568670705
0.00041199833317245773
0.0004708552379113803
0.0004708552379113803
0.0004708552379113803
0.0018834209516455213
0.00041199833317245773
0.00035314142843353524
0.0004708552379113803
0.002707417617990437
0.00035314142843353524
0.0007062828568670705
0.0008828535710838382
0.0002942845236946127
0.0002942845236946127
0.0002942845236946127
0.00041199833317245773
0.00035314142843353524
0.0002942845236946127
0.00041199833317245773
0.00023542761895569016
0.00023542761895569016
0.00023542761895569016
0.00023542761895569016
0.0002942845236946127
0.0007062828568670705
0.0018834209516455213
0.00035314142843353524
0.0005297121426503028
0.00035314142843353524
0.0007062828568670705
0.00035314142843353524
0.0002942845236946127
0.0006474259521281479
0.0002942845236946127
0.00035314142843353524
0.0002942845236946127
0.0004708552379113803
0.0002942845236946127
0.0002942845236946127
0.0002942845236946127
0.0002942845236946127
0.0002942845236946127
0.0004708552379113803
0.0004708552379113803
0.00023542761895569016
0.0005885690473892254
0.0009417104758227606
0.0007062828568670705
0.0005885690473892254
0.00023542761895569016
0.00023542761895569016
0.0005885690473892254
0.00041199833317245773
0.0006474259521281479
0.0005297121426503028
0.0009417104758227606
0.00017657071421676762
0.0009417104758227606
0.00035314142843353524
0.00017657071421676762
0.0007062828568670705
0.00017657071421676762
0.00017657071421676762
0.00017657071421676762
0.00017657071421676762
0.00017657071421676762
0.00017657071421676762
0.00017657071421676762
0.00017657071421676762
0.00017657071421676762
0.00017657071421676762
0.0004708552379113803
0.0004708552379113803
0.0004708552379113803
0.0004708552379113803
0.0004708552379113803
0.0004708552379113803
0.0004708552379113803
0.0004708552379113803
0.0004708552379113803
0.0004708552379113803
0.0004708552379113803
0.0004708552379113803
0.0004708552379113803
0.0008239966663449155
0.0002942845236946127
0.0002942845236946127
0.0002942845236946127
0.0004708552379113803
0.001647993332689831
0.0007062828568670705
0.0005885690473892254
0.0005297121426503028
0.00023542761895569016
0.00023542761895569016
0.00023542761895569016
0.00023542761895569016
0.00023542761895569016
0.00023542761895569016
0.00023542761895569016
0.0004708552379113803
0.00017657071421676762
0.00017657071421676762
0.00017657071421676762
0.00023542761895569016
0.00023542761895569016
0.0002942845236946127
0.00011771380947784508
0.00035314142843353524
0.00011771380947784508
0.0002942845236946127
0.00011771380947784508
0.00011771380947784508
0.0002942845236946127
0.00011771380947784508
0.00011771380947784508
0.00011771380947784508
0.00011771380947784508
0.00011771380947784508
0.00011771380947784508
0.00011771380947784508
0.00023542761895569016
0.00011771380947784508
0.00017657071421676762
0.00011771380947784508
0.0002942845236946127
0.00017657071421676762
0.00017657071421676762
0.00023542761895569016
0.00035314142843353524
0.00035314142843353524
0.00017657071421676762
0.00023542761895569016
0.00023542761895569016
0.00011771380947784508
0.00011771380947784508
0.00023542761895569016
0.00023542761895569016
0.00011771380947784508
0.00023542761895569016
0.00035314142843353524
0.00023542761895569016
0.00023542761895569016
0.00017657071421676762
0.00023542761895569016
0.00017657071421676762
0.00017657071421676762
0.00011771380947784508
0.00011771380947784508
0.00023542761895569016
0.00011771380947784508
0.00011771380947784508
0.00017657071421676762
0.00017657071421676762
0.00017657071421676762
0.00017657071421676762
0.00011771380947784508
0.00017657071421676762
0.00011771380947784508
0.00011771380947784508
0.00011771380947784508
0.00011771380947784508
0.00011771380947784508
0.00011771380947784508
0.00011771380947784508
0.00011771380947784508
0.00011771380947784508
0.00011771380947784508
0.00011771380947784508
0.00011771380947784508
0.00011771380947784508
0.00011771380947784508
0.00011771380947784508
0.00011771380947784508
0.00011771380947784508
0.00011771380947784508
0.00011771380947784508
0.00011771380947784508
0.00011771380947784508
0.00011771380947784508
0.00011771380947784508
0.00011771380947784508
0.00011771380947784508
0.00011771380947784508
0.00011771380947784508
0.00011771380947784508
0.00011771380947784508
0.00011771380947784508
0.00011771380947784508
0.00011771380947784508
0.00011771380947784508
0.00011771380947784508
0.00011771380947784508
0.00011771380947784508
0.00011771380947784508
0.00011771380947784508
0.00011771380947784508
0.00011771380947784508
0.00011771380947784508
0.00011771380947784508
0.00011771380947784508
0.00011771380947784508
0.00011771380947784508
0.00011771380947784508
0.00011771380947784508
0.00011771380947784508
0.00011771380947784508
0.00011771380947784508
0.00011771380947784508
0.00011771380947784508
0.00011771380947784508
0.00011771380947784508
0.00011771380947784508
5.885690473892254e-05
5.885690473892254e-05
5.885690473892254e-05
5.885690473892254e-05
5.885690473892254e-05
5.885690473892254e-05
5.885690473892254e-05
5.885690473892254e-05
5.885690473892254e-05
5.885690473892254e-05
5.885690473892254e-05
5.885690473892254e-05
5.885690473892254e-05
5.885690473892254e-05
5.885690473892254e-05
5.885690473892254e-05
5.885690473892254e-05
5.885690473892254e-05
5.885690473892254e-05
5.885690473892254e-05
5.885690473892254e-05
5.885690473892254e-05
5.885690473892254e-05
5.885690473892254e-05
5.885690473892254e-05
5.885690473892254e-05
5.885690473892254e-05
5.885690473892254e-05
5.885690473892254e-05
5.885690473892254e-05
5.885690473892254e-05
5.885690473892254e-05
5.885690473892254e-05
5.885690473892254e-05
5.885690473892254e-05
5.885690473892254e-05
5.885690473892254e-05
5.885690473892254e-05
5.885690473892254e-05
5.885690473892254e-05
5.885690473892254e-05
5.885690473892254e-05
5.885690473892254e-05
5.885690473892254e-05
5.885690473892254e-05
5.885690473892254e-05
5.885690473892254e-05
5.885690473892254e-05
5.885690473892254e-05
5.885690473892254e-05
5.885690473892254e-05
5.885690473892254e-05
5.885690473892254e-05
5.885690473892254e-05
5.885690473892254e-05
5.885690473892254e-05
5.885690473892254e-05
5.885690473892254e-05
5.885690473892254e-05
5.885690473892254e-05
5.885690473892254e-05
5.885690473892254e-05
5.885690473892254e-05
5.885690473892254e-05
5.885690473892254e-05
5.885690473892254e-05
5.885690473892254e-05
5.885690473892254e-05
5.885690473892254e-05
5.885690473892254e-05
5.885690473892254e-05
5.885690473892254e-05
5.885690473892254e-05
5.885690473892254e-05
5.885690473892254e-05
5.885690473892254e-05
5.885690473892254e-05
5.885690473892254e-05
5.885690473892254e-05
5.885690473892254e-05
5.885690473892254e-05
5.885690473892254e-05
5.885690473892254e-05
5.885690473892254e-05
5.885690473892254e-05
5.885690473892254e-05
5.885690473892254e-05
5.885690473892254e-05
5.885690473892254e-05
5.885690473892254e-05
5.885690473892254e-05
5.885690473892254e-05
5.885690473892254e-05
5.885690473892254e-05
5.885690473892254e-05
5.885690473892254e-05
5.885690473892254e-05
5.885690473892254e-05
5.885690473892254e-05
5.885690473892254e-05
5.885690473892254e-05
5.885690473892254e-05
5.885690473892254e-05
5.885690473892254e-05
5.885690473892254e-05
5.885690473892254e-05
5.885690473892254e-05
5.885690473892254e-05
5.885690473892254e-05
5.885690473892254e-05
5.885690473892254e-05
5.885690473892254e-05
5.885690473892254e-05
5.885690473892254e-05
5.885690473892254e-05
5.885690473892254e-05
5.885690473892254e-05
5.885690473892254e-05
5.885690473892254e-05
5.885690473892254e-05
