6598
43096
4423
7311
5222
22189
3558
23614
51045
19273
4535
3080
32347
96377
9528
3536
16380
3644
19592
10279
37700
3326
10469
22559
2881
20206
11991
76663
8333
9585
3415
2780
4439
5267
3780
2981
18875
3643
70377
16823
4731
3108
91540
2059
18848
3740
3089
2889
16083
9486
59250
1983
9907
2857
4642
1791
31563
1948
2119
13567
1997
7924
1577
7933
5286
2047
17447
2006
19707
2318
7290
2170
2491
2010
2434
1852
37878
1890
16845
1945
1830
1907
3177
6092
31098
2315
3158
3047
6284
5728
1869
5055
1792
4102
1440
2054
1432
1604
2059
1309
2055
17773
5942
1638
2254
7219
1308
2037
1439
1239
1381
6405
4084
1799
2180
4430
5537
2104
1288
2010
1190
1643
2444
2337
2105
1307
1517
1043
1072
1382
1312
2412
3482
1080
4531
6071
1183
6479
2214
1316
1428
1181
2569
1757
3421
1624
865
1933
4137
1136
1047
1587
1799
1408
938
1686
948
929
5775
5555
2547
916
950
5817
4322
2584
856
2507
7409
1010
4902
3012
2013
740
1242
1628
2945
776
4900
892
1441
1356
669
1087
734
1650
938
1681
747
1920
1916
940
663
1807
1013
2217
4669
530
742
1227
18860
737
646
1318
1790
1745
1026
643
763
970
444
1425
423
17558
1181
1306
673
587
572
835
2322
663
1957
437
803
1637
627
2334
522
708
686
470
1103
833
1732
599
606
534
531
1333
560
761
1509
1181
447
2460
331
1224
448
487
685
684
670
1615
1615
897
306
1646
584
592
551
14622
325
604
540
544
553
470
286
403
959
304
420
589
2887
420
970
764
324
1135
1991
708
301
14729
356
482
1889
327
404
356
236
299
265
269
244
323
725
573
292
289
529
285
470
284
213
307
386
2577
278
396
457
201
195
475
570
331
405
409
198
203
256
386
2516
342
1935
385
382
223
366
366
368
270
292
296
166
910
232
287
265
191
285
285
366
285
190
183
324
342
1056
258
235
271
352
442
146
153
136
144
478
134
131
132
233
404
362
197
131
204
196
154
193
243
192
191
190
190
190
190
190
190
190
176
176
176
176
176
176
116
141
12711
123
111
108
322
105
226
105
103
162
103
1072
99
99
102
97
97
97
97
98
101
98
97
97
96
96
96
190
190
190
95
95
95
95
95
95
95
95
95
95
95
95
95
95
95
95
94
148
331
205
175
81
81
81
110
101
101
98
1405
122
96
349
653
95
152
195
490
127
599
553
286
81
81
81
78
241
418
80
105
103
582
200
176
136
85
170
86
238
179
71
112
92
74
259
54
44
70
101
109
98
253
64
109
133
104
114
46
57
84
101
51
54
143
78
73
100
71
65
52
250
54
162
86
68
816
123
29
114
32
105
39
157
143
35
54
35
47
74
32
41
81
32
44
39
38
34
81
24
24
32
48
127
52
41
78
25
53
58
119
23
40
125
51
33
21
20
138
51
27
28
26
23
24
24
19
19
37
37
64
19
22
31
18
26
60
19
26
47
17
17
17
28
59
24
33
22
17
25
20
30
16
46
17
17
283
21
16
16
119
115
18
30
290
22
16
19
19
39
43
14
14
14
29
66
228
13
14
44
19
20
21
21
12
30
15
14
13
18
12
20
18
19
12
26
21
13
19
23
31
51
20
11
10
14
15
16
30
12
12
58
22
41
31
18
15
9
25
24
9
9
25
9
14
17
9
11
9
11
9
9
25
29
47
13
10
22
10
8
30
12
17
14
12
8
8
26
10
25
10
8
16
9
9
9
16
15
9
18
18
12
17
7
14
8
120
7
9
10
10
10
10
9
6
57
6
12
12
12
6
6
6
6
6
6
6
6
20
10
30
15
13
8
12
12
7
8
8
8
32
7
6
8
46
6
12
15
5
5
5
7
6
5
7
4
4
4
4
5
12
32
6
9
6
12
6
5
11
5
6
5
8
5
5
5
5
5
8
8
4
10
16
12
10
4
4
10
7
11
9
16
3
16
6
3
12
3
3
3
3
3
3
3
3
3
3
8
8
8
8
8
8
8
8
8
8
8
8
8
14
5
5
5
8
28
12
10
9
4
4
4
4
4
4
4
8
3
3
3
4
4
5
2
6
2
5
2
2
5
2
2
2
2
2
2
2
4
2
3
2
5
3
3
4
6
6
3
4
4
2
2
4
4
2
4
6
4
4
3
4
3
3
2
2
4
2
2
3
3
3
3
2
3
2
2
2
2
2
2
2
2
2
2
2
2
2
2
2
2
2
2
2
2
2
2
2
2
2
2
2
2
2
2
2
2
2
2
2
2
2
2
2
2
2
2
2
2
2
2
2
2
2
2
2
2
2
2
2
1
1
1
1
1
1
1
1
1
1
1
1
1
1
1
1
1
1
1
1
1
1
1
1
1
1
1
1
1
1
1
1
1
1
1
1
1
1
1
1
1
1
1
1
1
1
1
1
1
1
1
1
1
1
1
1
1
1
1
1
1
1
1
1
1
1
1
1
1
1
1
1
1
1
1
1
1
1
1
1
1
1
1
1
1
1
1
1
1
1
1
1
1
1
1
1
1
1
1
1
1
1
1
1
1
1
1
1
1
1
1
1
1
1
1
1
1
1
1
1
