12950
11363
9817
9720
8888
8858
8072
8046
7932
7549
7356
7292
7288
7169
7115
7090
7014
6984
6716
6699
6564
6554
6537
6517
6482
6369
6321
6179
6112
6066
5854
5745
5660
5565
5557
5535
5497
5473
5424
5412
5320
5320
5244
5237
5213
5176
5160
5157
5017
4998
4931
4892
4884
4880
4873
4852
4836
4806
4739
4705
4702
4651
4650
4594
4554
4423
4405
4298
4262
4252
4190
4058
4053
4042
4026
4007
3908
3897
3854
3732
3690
3666
3646
3639
3619
3583
3534
3496
3495
3486
3476
3468
3431
3410
3407
3360
3360
3358
3328
3280
3219
3216
3214
3213
3202
3172
3155
3128
3127
3112
3080
3068
3065
3061
3052
3049
3044
2950
2940
2910
2904
2894
2891
2876
2860
2858
2822
2800
2800
2800
2788
2786
2782
2776
2768
2744
2728
2681
2677
2670
2664
2660
2656
2596
2520
2509
2500
2486
2415
2380
2380
2380
2375
2375
2369
2350
2310
2240
2240
2240
2236
2228
2224
2183
2174
2149
2100
2096
2082
2070
2064
2004
1976
1960
1960
1958
1956
1956
1946
1920
1917
1892
1888
1875
1829
1820
1820
1815
1811
1793
1793
1779
1736
1725
1692
1680
1680
1680
1673
1672
1672
1672
1666
1656
1636
1572
1540
1537
1533
1533
1488
1449
1400
1400
1400
1400
1400
1394
1372
1328
1318
1310
1290
1260
1260
1260
1260
1260
1255
1255
1245
1187
1120
1120
1120
1120
1120
1120
1116
1114
1112
1105
1100
1092
1088
1084
1078
1076
1072
1068
1063
1024
980
980
980
980
980
977
977
974
949
942
942
921
840
840
840
840
840
840
840
840
840
840
835
820
810
810
810
810
757
747
720
720
704
700
700
700
700
700
700
700
700
700
700
700
700
700
700
700
700
695
695
695
682
680
680
675
654
625
604
600
600
600
600
580
576
575
560
560
560
560
560
560
560
560
560
560
560
560
560
560
560
560
560
560
560
560
560
560
560
560
560
560
560
560
560
560
560
560
560
560
560
560
560
560
560
560
560
560
560
560
560
560
560
560
560
556
556
556
556
556
556
556
556
556
548
528
516
516
508
492
492
488
484
480
480
480
480
200
100
100
100
80
80
80
80
80
80
76
44
36
14
8
5
