0.9264331210191082
1.4406050955414011
2.006369426751592
0.8471337579617834
0.7208598726114649
0.6625796178343949
0.5474522292993631
1.94171974522293
5.955414012738854
0.4296178343949045
0.5539808917197452
1.2904458598726114
0.8313694267515924
0.6555732484076433
1.047611464968153
0.5883757961783439
2.1355095541401274
1.1372611464968152
0.46783439490445855
0.829140127388535
0.6673566878980892
0.9718152866242039
0.6079617834394905
0.8084394904458598
1.8718152866242037
0.5931528662420382
0.5168789808917197
0.5606687898089171
4.528662420382166
0.7270700636942675
0.3957006369426751
0.4832802547770701
0.3386942675159236
0.6882165605095542
0.37372611464968153
0.30636942675159234
0.3375796178343949
0.4759554140127389
0.4151273885350319
0.46496815286624205
0.31210191082802546
0.7079617834394905
0.5593949044585987
0.48073248407643315
0.6585987261146496
0.6235668789808917
0.35429936305732485
0.2452229299363057
0.7770700636942675
0.30589171974522295
1.1310509554140127
0.36942675159235666
1.0178343949044586
0.48901273885350316
0.30828025477707005
0.30716560509554136
0.3363057324840764
0.5746815286624204
0.5835987261146497
0.3300955414012739
0.5875796178343949
0.7942675159235669
0.3587579617834395
0.30828025477707005
1.1972929936305732
0.4168789808917197
0.5926751592356688
0.32181528662420383
0.32961783439490444
0.5476114649681529
0.4449044585987261
0.5125796178343949
0.19156050955414014
0.7976114649681528
0.27213375796178346
0.264171974522293
0.31082802547770705
0.9307324840764332
0.33996815286624205
0.2624203821656051
0.2429936305732484
0.2068471337579618
0.6944267515923567
0.22707006369426752
0.1770700636942675
0.4202229299363057
0.23105095541401274
0.15589171974522292
0.19984076433121017
0.1772292993630573
0.19872611464968154
0.14761146496815286
0.2678343949044586
0.5738853503184713
0.3292993630573248
0.445859872611465
0.4681528662420382
0.4644904458598726
0.17500000000000002
0.23821656050955411
0.353343949044586
0.6240445859872611
0.4288216560509554
0.24410828025477707
0.3092356687898089
0.17165605095541403
0.1550955414012739
0.3585987261146497
0.5442675159235669
0.23439490445859873
0.3789808917197452
0.5476114649681529
0.17738853503184712
0.3471337579617834
0.13264331210191083
0.2452229299363057
0.15254777070063694
0.22452229299363058
0.267515923566879
0.2797770700636943
0.1538216560509554
0.15891719745222932
0.19808917197452228
0.13121019108280255
0.1305732484076433
0.28614649681528664
0.19235668789808918
0.4681528662420382
1.1369426751592355
0.1124203821656051
0.1550955414012739
0.15477707006369426
0.26480891719745225
0.26496815286624203
0.1412420382165605
0.14251592356687898
0.2089171974522293
0.19952229299363056
0.4646496815286625
0.14777070063694267
0.13455414012738853
0.44570063694267514
0.49028662420382163
0.1571656050955414
0.17834394904458598
0.17659235668789808
0.11066878980891719
0.1160828025477707
0.12707006369426752
0.6464968152866242
1.2038216560509554
0.1337579617834395
0.17786624203821655
0.13296178343949044
0.17659235668789808
0.19442675159235667
0.11289808917197452
0.2898089171974522
0.2898089171974522
0.2898089171974522
0.2
0.08869426751592356
0.42054140127388534
0.125
0.10684713375796177
0.14777070063694267
0.31210191082802546
0.13359872611464968
0.11035031847133757
0.13136942675159236
0.0964968152866242
0.19522292993630574
0.08343949044585988
0.2452229299363057
0.2452229299363057
0.11114649681528661
0.11130573248407644
0.2
0.28773885350318473
0.10828025477707007
0.1519108280254777
0.17945859872611467
0.17547770700636944
0.10748407643312102
0.08964968152866243
0.33439490445859876
0.2898089171974522
0.11066878980891719
0.1550955414012739
0.10971337579617835
0.08089171974522293
0.08614649681528662
0.06990445859872611
0.27468152866242035
0.06735668789808917
0.06687898089171974
0.18152866242038215
0.20063694267515925
0.13264331210191083
0.06656050955414013
0.06656050955414013
0.09522292993630573
0.09713375796178343
0.06592356687898089
0.06512738853503185
0.135828025477707
0.17834394904458598
0.06671974522292994
0.10987261146496816
0.06656050955414013
0.06480891719745223
0.10318471337579617
0.267515923566879
0.08917197452229299
0.08917197452229299
0.08917197452229299
0.08917197452229299
0.06656050955414013
0.08805732484076434
0.08152866242038218
0.06353503184713376
0.14171974522292993
0.06592356687898089
0.06687898089171974
0.1337579617834395
0.06687898089171974
0.06687898089171974
0.1337579617834395
0.0660828025477707
0.06656050955414013
0.06496815286624204
0.06337579617834395
0.11146496815286625
0.044585987261146494
0.044585987261146494
0.044585987261146494
0.11146496815286625
0.08917197452229299
0.044426751592356685
0.06656050955414013
0.044267515923566876
0.12898089171974522
0.043789808917197456
0.04347133757961783
0.04331210191082802
0.043152866242038214
0.06353503184713376
0.0428343949044586
0.04267515923566879
0.04251592356687898
0.11528662420382166
0.04076433121019109
0.08917197452229299
0.08917197452229299
0.08917197452229299
0.08917197452229299
0.044585987261146494
0.044426751592356685
0.044426751592356685
0.044267515923566876
0.08121019108280254
0.08312101910828025
0.08312101910828025
0.09888535031847133
0.06687898089171974
0.06687898089171974
0.08917197452229299
0.06687898089171974
0.06687898089171974
0.06687898089171974
0.044585987261146494
0.044585987261146494
0.044585987261146494
0.06687898089171974
0.0732484076433121
0.0804140127388535
0.04219745222929936
0.04219745222929936
0.04219745222929936
0.04219745222929936
0.0464968152866242
0.05923566878980891
0.057324840764331204
0.057324840764331204
0.04474522292993631
0.044585987261146494
0.044585987261146494
0.044585987261146494
0.044585987261146494
0.044585987261146494
0.044585987261146494
0.044585987261146494
0.044585987261146494
0.044585987261146494
0.044585987261146494
0.044585987261146494
0.044585987261146494
0.044585987261146494
0.044585987261146494
0.044585987261146494
0.044585987261146494
0.044267515923566876
0.044267515923566876
0.044267515923566876
0.043152866242038214
0.041401273885350316
0.041401273885350316
0.0410828025477707
0.0410828025477707
0.039808917197452234
0.03837579617834395
0.03821656050955414
0.03821656050955414
0.03821656050955414
0.03821656050955414
0.025477707006369425
0.02531847133757962
0.02515923566878981
0.022292993630573247
0.022292993630573247
0.022292993630573247
0.022292993630573247
0.022292993630573247
0.022292993630573247
0.022292993630573247
0.022292993630573247
0.022292993630573247
0.022292993630573247
0.022292993630573247
0.022292993630573247
0.022292993630573247
0.022292993630573247
0.022292993630573247
0.022292993630573247
0.022292993630573247
0.022292993630573247
0.022292993630573247
0.022292993630573247
0.022292993630573247
0.022292993630573247
0.022292993630573247
0.022292993630573247
0.022292993630573247
0.022292993630573247
0.022292993630573247
0.022292993630573247
0.022292993630573247
0.022292993630573247
0.022292993630573247
0.022292993630573247
0.022292993630573247
0.022292993630573247
0.022292993630573247
0.022292993630573247
0.022292993630573247
0.022292993630573247
0.022292993630573247
0.022292993630573247
0.022292993630573247
0.022292993630573247
0.022292993630573247
0.022292993630573247
0.022292993630573247
0.022292993630573247
0.022292993630573247
0.022292993630573247
0.022292993630573247
0.022133757961783438
0.022133757961783438
0.022133757961783438
0.022133757961783438
0.022133757961783438
0.022133757961783438
0.022133757961783438
0.022133757961783438
0.022133757961783438
0.02181528662420382
0.021019108280254776
0.02054140127388535
0.02054140127388535
0.02022292993630573
0.019585987261146496
0.019585987261146496
0.01942675159235669
0.019267515923566878
0.01910828025477707
0.01910828025477707
0.01910828025477707
0.01910828025477707
0.012738853503184712
0.006369426751592356
0.006369426751592356
0.006369426751592356
0.003184713375796178
0.003184713375796178
0.003184713375796178
0.003184713375796178
0.003184713375796178
0.003184713375796178
0.003025477707006369
0.0017515923566878981
0.0014331210191082804
0.0007961783439490445
0.00031847133757961787
0.00031847133757961787
