5818
9047
12600
5320
4527
4161
3438
12194
37400
2698
3479
8104
5221
4117
6579
3695
13411
7142
2938
5207
4191
6103
3818
5077
11755
3725
3246
3521
28440
4566
2485
3035
2127
4322
2347
1924
2120
2989
2607
2920
1960
4446
3513
3019
4136
3916
2225
1540
4880
1921
7103
2320
6392
3071
1936
1929
2112
3609
3665
2073
3690
4988
2253
1936
7519
2618
3722
2021
2070
3439
2794
3219
1203
5009
1709
1659
1952
5845
2135
1648
1526
1299
4361
1426
1112
2639
1451
979
1255
1113
1248
927
1682
3604
2068
2800
2940
2917
1099
1496
2219
3919
2693
1533
1942
1078
974
2252
3418
1472
2380
3439
1114
2180
833
1540
958
1410
1680
1757
966
998
1244
824
820
1797
1208
2940
7140
706
974
972
1663
1664
887
895
1312
1253
2918
928
845
2799
3079
987
1120
1109
695
729
798
4060
7560
840
1117
835
1109
1221
709
1820
1820
1820
1256
557
2641
785
671
928
1960
839
693
825
606
1226
524
1540
1540
698
699
1256
1807
680
954
1127
1102
675
563
2100
1820
695
974
689
508
541
439
1725
423
420
1140
1260
833
418
418
598
610
414
409
853
1120
419
690
418
407
648
1680
560
560
560
560
418
553
512
399
890
414
420
840
420
420
840
415
418
408
398
700
280
280
280
700
560
279
418
278
810
275
273
272
271
399
269
268
267
724
256
560
560
560
560
280
279
279
278
510
522
522
621
420
420
560
420
420
420
280
280
280
420
460
505
265
265
265
265
292
372
360
360
281
280
280
280
280
280
280
280
280
280
280
280
280
280
280
280
280
278
278
278
271
260
260
258
258
250
241
240
240
240
240
160
159
158
140
140
140
140
140
140
140
140
140
140
140
140
140
140
140
140
140
140
140
140
140
140
140
140
140
140
140
140
140
140
140
140
140
140
140
140
140
140
140
140
140
140
140
140
140
140
140
140
140
139
139
139
139
139
139
139
139
139
137
132
129
129
127
123
123
122
121
120
120
120
120
80
40
40
40
20
20
20
20
20
20
19
11
9
5
2
2
