12958
11343
9926
9901
9078
8080
8076
8020
7471
7359
7249
7140
7137
7081
7048
7004
6995
6768
6749
6716
6580
6555
6521
6497
6372
6311
6268
6244
6028
5991
5892
5593
5592
5572
5473
5467
5436
5434
5320
5320
5320
5237
5216
5160
5160
5124
5039
5014
4992
4982
4955
4897
4884
4881
4876
4833
4702
4659
4654
4635
4577
4471
4416
4415
4371
4368
4317
4271
4263
4260
4190
4094
4035
3987
3981
3920
3891
3771
3715
3696
3676
3643
3600
3597
3572
3522
3498
3468
3440
3432
3416
3412
3400
3397
3396
3360
3360
3312
3287
3259
3220
3218
3216
3204
3199
3164
3154
3126
3100
3080
3080
3064
3060
3060
3048
3000
2995
2940
2935
2869
2864
2858
2848
2824
2804
2800
2800
2788
2766
2744
2740
2718
2699
2689
2688
2685
2682
2660
2656
2600
2545
2520
2508
2468
2457
2420
2415
2411
2380
2380
2366
2360
2326
2317
2301
2289
2256
2240
2240
2240
2235
2212
2201
2200
2152
2103
2100
2100
2100
2096
2040
1980
1960
1960
1956
1956
1956
1920
1899
1880
1875
1863
1860
1833
1829
1820
1820
1820
1811
1809
1797
1784
1725
1712
1680
1680
1680
1676
1672
1670
1660
1660
1648
1600
1540
1537
1536
1533
1485
1460
1454
1400
1400
1400
1400
1385
1376
1352
1351
1344
1320
1320
1260
1260
1260
1260
1260
1260
1232
1220
1156
1152
1120
1120
1120
1120
1120
1120
1120
1116
1114
1112
1088
1068
1056
1040
1040
1036
1036
1008
1000
980
980
980
977
975
974
969
942
939
939
925
924
917
840
840
840
840
840
840
840
840
840
840
840
840
837
820
820
774
724
720
720
700
700
700
700
700
700
700
700
700
700
700
700
700
700
700
700
695
695
695
692
683
680
680
675
669
655
608
605
600
600
600
595
580
576
575
560
560
560
560
560
560
560
560
560
560
560
560
560
560
560
560
560
560
560
560
560
560
560
560
560
560
560
560
560
560
560
560
560
560
560
560
560
560
560
560
560
556
556
556
556
556
556
556
556
552
552
552
548
548
548
544
544
524
524
524
512
504
488
484
484
480
480
480
480
480
480
159
100
100
100
80
80
80
80
80
76
72
12
5
4
4
