(2)(2)(10)(11).......+.+..+...
(2)(10)(10)(11)...+.....+.+....
(2)(2)(10)(11)......+....++...
(2)(10)(11)(11)......+.+...+...
(2)(10)(10)(11)..+........+.+..
(2)(10)(10)(11)...+...++.......
(2)(10)(10)(11)...+....+....+..
(2)(10)(10)(11)....+......++...
(2)(10)(11)(11)......+.....++..
(2)(10)(10)(11)....+......+.+..
(2)(10)(10)(11)...+...+.+......
(2)(2)(10)(11)...+...+.+......
(2)(2)(11)(11).......++...+...
(2)(2)(10)(10).......++.....+.
(10)(10)(11)(11)..+....+....+...
(2)(10)(10)(11)..+....+...+....
(2)(10)(11)(11).......++...+...
(2)(10)(11)(11)........+...++..
(2)(2)(10)(11)..+....+...+....
(2)(10)(11)(11)..+.+..+........
(2)(2)(10)(11).......++.....+.
(2)(10)(11)(11)........++..+...
(2)(2)(10)(11)......+.+...+...
(2)(2)(10)(11)....+......++...
(2)(10)(10)(11).+.....+...+....
(10)(10)(10)(11).......+.+..+...
(2)(2)(10)(11).........+.++...
(2)(10)(10)(11)..+....+.+......
(2)(10)(10)(11)...+.....+....+.
(2)(10)(10)(11).........+.++...
(2)(10)(10)(11).......+.+..+...
(2)(2)(2)(11)....+..+...+....
(2)(2)(10)(11)........+....++.
(2)(2)(10)(10)..+...+......+..
(2)(10)(10)(11).+.........++...
(2)(10)(11)(11).+....+.....+...
(2)(2)(2)(11).......+.+..+...
(2)(10)(10)(11)..+......+...+..
(10)(10)(10)(11)....+....+....+.
(2)(10)(10)(11)........+...++..
(2)(2)(10)(11)...+...++.......
(10)(10)(10)(11)....+......+.+..
(2)(2)(2)(11)...+.....+.+....
(2)(10)(10)(11).+.......+....+.
(2)(10)(10)(11)....+....+.+....
(2)(10)(11)(11)......+.+....+..
(2)(2)(10)(11)...++......+....
(10)(10)(11)(11)......+.+....+..
(10)(10)(10)(11).........+.++...
(2)(10)(10)(10)....+...+.....+.
(2)(2)(10)(11)..+....+....+...
(2)(10)(10)(11).........+..+.+.
(2)(10)(10)(11)....+..++.......
(2)(2)(10)(10).......++...+...
(2)(10)(10)(10)....+...+....+..
(2)(2)(10)(11)....+.......+.+.
(2)(2)(11)(11)..+....+....+...
(2)(2)(11)(11)..+...+......+..
(2)(10)(10)(10)..+......+..+...
(2)(2)(10)(11).......++...+...
(2)(2)(10)(11)....+......+.+..
(2)(2)(10)(11)..+.+......+....
(2)(10)(10)(10)...+.....+...+..
(2)(10)(10)(11).........+..++..
(2)(2)(2)(11)...++......+....
(2)(2)(10)(11)...+..++........
(2)(2)(10)(10)......+.+...+...
(2)(10)(11)(11)....+...+....+..
(2)(2)(10)(11)....+...+..+....
(2)(2)(2)(11)....+......+.+..
(2)(10)(10)(11)....+...+..+....
(2)(2)(10)(11)....+..+...+....
(2)(10)(11)(11)....+.+.....+...
(2)(2)(10)(11)....+........++.
(2)(10)(10)(11)....+...+.....+.
(2)(10)(10)(10)....+....+....+.
(2)(10)(10)(11)..+......+..+...
(2)(10)(10)(10)..+......+...+..
(10)(10)(11)(11)....+.+.....+...
(10)(10)(10)(11)...+.....+.+....
(2)(2)(2)(11)........+...++..
(2)(2)(2)(11)....+....+....+.
(2)(10)(11)(11)....+.+.+....+..
(2)(2)(11)(11)......+.+...+...
(2)(2)(2)(11).........+.++...
(2)(2)(10)(11)..+.........++..
(2)(10)(10)(11)........+..+++..
(2)(2)(10)(10)..+....+....+...
(2)(2)(2)(10).......++...+...
(2)(2)(2)(11)...++....+......
(2)(2)(10)(10)....+..+......+.
(2)(2)(10)(11).......++..+....
(10)(10)(10)(11)....+...+.....+.
(10)(10)(10)(11)....+......++...
(10)(10)(10)(11)...+...+.+......
(2)(10)(10)(11).+...........++.
(2)(2)(2)(11)...+...+.+.+....
(2)(10)(10)(11)........+..+.+..
(2)(10)(11)(11)..+...+.....+...
(2)(10)(10)(11).+.....++.......
(2)(2)(10)(11)........+...++..
(10)(10)(11)(11)...++.+.........
(2)(10)(11)(11).........+..++..
(2)(2)(2)(2)....+....+....+.
(2)(2)(11)(11)........+...++..
(2)(2)(10)(11)...++.........+.
(10)(10)(11)(11)......+.+...+...
(2)(2)(11)(11)....+.+.....+...
(2)(2)(11)(11)......+.+....+..
(2)(10)(10)(10).+......+.....+.
(2)(10)(11)(11)....+..++...+...
(2)(2)(10)(11)....+..+......+.
(2)(10)(10)(11)....+....+..+...
(2)(2)(10)(10)....+...+.....+.
(2)(10)(10)(11).+......+..+....
(2)(10)(10)(11)....+...+....+..
(2)(2)(2)(11)....+....+..+...
(10)(10)(10)(10)....+....+..+...
(2)(2)(2)(11)....+......++...
(2)(10)(11)(11)...+..+......+..
(2)(2)(10)(11)..+...+.....+...
(2)(2)(10)(11)....+..++.......
(2)(2)(2)(11)....+........++.
(2)(2)(10)(11)..+...+......+..
(2)(2)(11)(11)........++..+...
(2)(10)(11)(11).+.......+..+...
(10)(10)(11)(11)........++..+...
(10)(10)(10)(11)...++....+......
(10)(10)(10)(11)....+..++.......
(2)(10)(11)(11)..+....+....+...
(2)(2)(10)(11)......++....+...
(10)(10)(10)(11)....+..+...+....
(2)(2)(2)(11)....+...+.....+.
(2)(10)(10)(11)..++...+........
(2)(2)(10)(11)....+.+....+....
(2)(2)(2)(11).........+..+.+.
(2)(10)(10)(11).+.......+..+...
(10)(10)(10)(11)....+...+....+..
(10)(10)(11)(11).......++...+...
(2)(2)(10)(11)....+...+..++...
(2)(2)(11)(11)..+.+........+..
(10)(10)(10)(11)....+........++.
(2)(10)(10)(11).+......+.....+.
(2)(10)(10)(11).......++..+....
(2)(2)(10)(10)..+.+.........+.
(2)(2)(10)(11)..+.+........+..
(2)(2)(10)(11)....+..++..+....
(2)(2)(2)(11)...+...+.+......
(10)(10)(11)(11)........+...++..
(2)(10)(11)(11)...+.....+...+..
(2)(2)(2)(10)....+....+.+....
(2)(2)(2)(10).......+.+..+...
(2)(2)(2)(10)...+.....+.+....
(2)(2)(10)(10)...++.........+.
(10)(10)(10)(11)....+...+..+....
(2)(2)(2)(11)....+..++.......
(2)(2)(10)(11)....+...+.....+.
(2)(10)(11)(11)....+.+.+...+...
(2)(10)(10)(11)....+...+..++...
(2)(10)(10)(11)....+..++...+...
(10)(10)(10)(11)....+..++..+....
(2)(10)(10)(10)..+..........++.
(2)(2)(2)(11)....+....+.+....
(2)(2)(10)(11)......+++.......
(2)(10)(11)(11)..+...+......+..
(10)(10)(11)(11)..+...+.....+...
(2)(2)(10)(11)....+..++...+...
(2)(10)(10)(11)....+.......+.+.
(2)(10)(10)(11)....+....+....+.
(2)(10)(11)(11)........++...+..
(10)(10)(11)(11)..+.+........+..
(2)(2)(2)(2)....+...+.....+.
(10)(10)(10)(10)....+...+.....+.
(2)(2)(10)(11)....+.+.......+.
(10)(10)(10)(11)...++......+....
(2)(2)(10)(11)...+..+.+.......
(2)(10)(10)(11)..++.........+..
(10)(10)(10)(11).........+..+.+.
(2)(2)(2)(10)...+...+.+......
(2)(10)(10)(11).+.........+.+..
(2)(10)(10)(11)...+.....+...+..
(2)(2)(10)(11)......+.+....+..
(2)(2)(2)(11).........+..++..
(2)(2)(2)(11)....+.......+.+.
(2)(10)(11)(11)..+.........++..
(10)(10)(10)(11)...+...++.......
(2)(10)(10)(10).+.......+....+.
(2)(10)(11)(18)....+...+....+..
(2)(2)(11)(11)..+.+..+........
(2)(2)(10)(11).........+..++..
(2)(10)(10)(11).+.+.......+....
(2)(2)(10)(10)....+.+.......+.
(2)(10)(11)(19)....+...+....+..
(2)(10)(11)(11).++....+........
(2)(2)(2)(10)...+...+.+.+....
(2)(2)(2)(10)....+....+..+...
(2)(10)(10)(10).+......+....+..
(2)(10)(10)(11).+..........+.+.
(2)(2)(11)(11)..+.........++..
(2)(2)(10)(11)......+.....++..
(2)(2)(10)(11)......+.+...++..
(2)(10)(10)(11)....+..+.+..+...
(2)(2)(2)(10)...++......+....
(2)(10)(11)(11)..+......+..+...
(2)(10)(10)(11)....+......+++..
(2)(2)(10)(11).........+..+.+.
(2)(2)(10)(10)...++..+......+.
(2)(2)(10)(11)...++....+......
(2)(2)(10)(10)..+...+.....+...
(2)(2)(2)(10)...++....+......
(2)(10)(10)(11)....+..+...+....
(2)(2)(10)(11)..+....+......+.
(2)(2)(11)(11)....+.+.+...+...
(2)(10)(10)(10)....+....+..+...
(2)(10)(10)(11).......+++......
(2)(2)(11)(11).........+..++..
(2)(10)(10)(10).........+..++..
(2)(2)(10)(11)..++...+........
(2)(2)(11)(11)....+...+....+..
(2)(2)(10)(10)......+.+....+..
(2)(2)(2)(10)....+......++...
(2)(10)(10)(10)........++...+..
(10)(10)(10)(10)....+...+....+..
(2)(2)(10)(11)......+.....+.+.
(2)(10)(11)(11)..+......+...+..
(2)(2)(10)(11)......+.+..++...
(2)(10)(10)(11).+.......+.+....
(10)(10)(10)(11).......+++......
(2)(2)(10)(10)...++.+.........
(2)(2)(10)(11)..+.+..+........
(10)(10)(11)(11)..+...+......+..
(2)(2)(10)(11)....+.+.....+...
(2)(2)(10)(11)..+.+.+....+....
(2)(2)(10)(11)..+..........++.
(2)(2)(2)(11).........+.+++..
(2)(10)(10)(11).......++...+...
(10)(10)(10)(11)....+....+..+...
(2)(10)(11)(11)....+...++..+...
(10)(10)(10)(10)........+...++..
(2)(10)(10)(11)....+..++..+....
(2)(10)(10)(10)........+...++..
(2)(2)(2)(2)....+...++...+..
(2)(2)(11)(11)........++...+..
(10)(10)(10)(11).......++..+....
(2)(2)(2)(11)....+...+..+....
(2)(2)(10)(11)....+..++..++...
(2)(2)(2)(10)....+..++..+....
(10)(10)(11)(11)..+.+..+........
(2)(2)(10)(11)...+..+....+....
(2)(2)(11)(11)......+.....++..
(2)(2)(2)(11)...+....++......
(2)(10)(10)(11)....+...+...+.+.
(2)(2)(10)(10)..+..........++.
(2)(10)(10)(10).++..........+..
(2)(2)(10)(18)....+...+.....+.
(2)(2)(2)(10).......+++......
(2)(10)(10)(10)..+.........++..
(2)(2)(2)(2).........+..+.+.
(2)(10)(10)(19)....+...+.....+.
(2)(2)(10)(19)....+...+.....+.
(2)(2)(11)(18)...+..+.+.......
(2)(2)(2)(2)........++..+...
(2)(2)(2)(10)....+......+.+..
(2)(2)(2)(2)....+.......+.+.
(2)(2)(10)(10)..+....+......+.
(2)(2)(11)(11)....+..++...+...
(2)(10)(10)(18)....+...+....+..
(2)(10)(11)(11)....+...+...++..
(2)(10)(10)(18)....+...+.....+.
(2)(10)(10)(10).........+..+.+.
(10)(10)(10)(10)........+....++.
(2)(2)(10)(10)......+.....+.+.
(2)(10)(10)(10)....+........++.
(10)(10)(10)(11)...+....++......
(10)(10)(10)(11)........++..+...
(2)(10)(10)(10).+...........++.
(2)(2)(10)(11)....+...+...+.+.
(2)(10)(18)(19).++......+....+.
(2)(10)(11)(18)...+..+.+.......
(2)(2)(2)(11)....+...++..+...
(2)(2)(10)(10)..+.+..+........
(2)(10)(11)(18)......+.+....+..
(2)(10)(11)(19)......+.+....+..
(2)(2)(10)(10)..+.+.+.....+...
(2)(10)(10)(10).+.......+..+...
(2)(2)(10)(10)...+..+.......+.
(2)(10)(11)(11).+......+....+..
(2)(10)(10)(19)....+...+....+..
(2)(10)(11)(18).+......+....+..
(2)(10)(18)(19)....+....+....+.
(10)(18)(18)(19)....+...+.....+.
(2)(2)(10)(10)...+..++........
(10)(10)(10)(10).........+..++..
(2)(10)(10)(10).++...........+.
(2)(10)(18)(19)....+........++.
(2)(2)(10)(19).......++.....+.
(2)(2)(11)(19).......++..+....
(2)(10)(11)(19).+....+....+....
(10)(10)(10)(10)........++..+...
(2)(10)(10)(11).+.+.....+......
(10)(11)(18)(19).+......+.....+.
(2)(10)(11)(19)...+..+......+..
(2)(2)(2)(10)....+..+...+....
(2)(2)(2)(10)....+....+....+.
(2)(2)(10)(18)......+++.....+.
(2)(10)(18)(18).+.+.....+...+..
(2)(10)(11)(18).+.+..+......+..
(2)(2)(2)(2)....+....+..+...
(2)(2)(2)(10)....+...+..+....
(2)(2)(2)(11).......++..+....
(2)(2)(2)(11)...+...++.......
(2)(2)(10)(11).......++..++...
(2)(2)(10)(11)...+.....+.+....
(2)(10)(19)(19)...+.....+...+..
(2)(2)(11)(11)..+...+.....+...
(10)(10)(18)(19)........+....++.
(10)(11)(18)(19).+..........+.+.
(2)(10)(11)(18)..+...+......+..
(2)(2)(10)(11)...++.+....+....
(2)(10)(10)(11).+.......+..+.+.
(2)(2)(10)(11)..+.+.+.....+...
(2)(2)(10)(11)....+..+...++...
(2)(2)(10)(11).........+.+++..
(10)(10)(11)(11)..+.........++..
(2)(10)(10)(11)....+........++.
(10)(10)(10)(11)....+.......+.+.
(2)(2)(2)(11)...++...++......
(2)(2)(2)(11)....+...++...+..
(2)(10)(11)(19)....+...+..+.+..
(10)(10)(11)(19)......+....++...
(2)(10)(11)(19)..+........+.+..
(2)(2)(11)(11)....+..++.......
(2)(2)(11)(18).......+++......
(2)(11)(18)(19)..+.+.........+.
(2)(10)(10)(10)..++.........+..
(2)(10)(10)(10).++..........++.
(2)(10)(10)(11).++........+....
(10)(18)(19)(19)........++..++..
(2)(11)(18)(19)....+..+......+.
(10)(11)(18)(19).+.....+......+.
(2)(11)(18)(19).+.....+......+.
(2)(10)(11)(19)....+.+....+....
(2)(2)(11)(19)....+.+....+....
(10)(10)(10)(10).........+..+.+.
(2)(2)(10)(11)...++..+......+.
(2)(2)(10)(11)...++..+...+....
(2)(10)(10)(11)..+......+..++..
(2)(10)(10)(11)..++.....+......
(2)(2)(10)(10)......+++.......
(2)(2)(11)(11)...++.+.........
(2)(10)(10)(11).++....+........
(2)(10)(10)(11).++..........+..
(2)(2)(10)(11)...++..++.......
(2)(2)(2)(10)...++..+.+......
(2)(2)(2)(10).......+.+.++...
(2)(2)(10)(10)........+....++.
(2)(10)(11)(11)....+..++.......
(2)(2)(10)(10)....+........++.
(2)(10)(10)(11)........++..+...
(2)(10)(10)(11).+.+.....+.+....
(2)(2)(10)(11)..++..++........
(10)(10)(10)(11)....+....+.+....
(10)(10)(11)(11)......+.....++..
(10)(11)(11)(19).+.........++...
(2)(2)(2)(11)...++....+.+....
(2)(2)(2)(11).......+.+.++...
(2)(2)(10)(11)..+...++........
(2)(2)(11)(11)........++..++..
(2)(2)(2)(2)........++...+..
(2)(2)(10)(11)....+....+.+....
(2)(2)(2)(2)....+...++....+.
(2)(2)(2)(11)....+..+++......
(2)(10)(11)(11)........++..++..
(2)(2)(2)(2)....+....+...++.
(2)(2)(2)(10)...++...++......
(2)(2)(2)(11)....+....+..+.+.
(2)(2)(2)(11)....+...+....+..
(2)(2)(2)(10)....+..++.......
(2)(2)(2)(10).........+.++...
(10)(10)(10)(11)........+..+.+..
(2)(2)(2)(2)....+...++..+...
(10)(11)(19)(19).......++...+...
(2)(2)(10)(11)...++.+.........
(2)(2)(10)(18)..++..++......+.
(2)(10)(10)(11)....+..+...++...
(2)(2)(10)(11)....+..+....+.+.
(2)(10)(10)(11)........++...+..
(2)(10)(11)(11).++..........+..
(10)(10)(11)(19)..+...+......+..
(2)(2)(10)(11)........+..+.+..
(2)(10)(18)(19)...+.....+....+.
(2)(18)(19)(19)...+.....+...+..
(2)(10)(11)(19)...+..+....+....
(2)(2)(18)(19)...+..+.......+.
(2)(2)(11)(19)...+..+....+....
(2)(2)(18)(19)..+....+......+.
(2)(2)(11)(19)..+....+...+....
(10)(11)(18)(19).......++.....+.
(2)(10)(11)(11)..+.+........+..
(2)(2)(2)(2)....+...+....+..
(2)(2)(2)(11)........++..+...
(2)(2)(10)(11)....+...+....+..
(2)(2)(2)(11)....+..++..+....
(2)(2)(2)(11).......+++......
