0.951817120278938
1.469756092774367
0.8906522400410819
2.0645600217184388
0.758837016854686
0.5625860642198534
0.5624225217593244
1.9785366874801706
0.4346958600861542
0.5689642201804855
0.8523833042772895
5.380546951404994
1.078562527188934
0.6656178143531405
0.6033081368915812
2.181819965917751
1.1673660832561958
0.8617052245274441
1.2455393793890708
0.48048774903428176
0.6836074850113335
1.0043142501087556
0.6240780293787676
0.8196748121714842
1.9258760151898238
0.590878909891375
0.5261160955218803
0.5979112356941233
0.7415015160386091
0.4203041235595998
0.5097618494689776
0.7092836513143908
0.3422943698872538
0.3880862588353814
0.34278499726884093
0.30631502857086784
0.4831044284027462
0.48032420657375274
0.3205432226368932
0.7261285247488806
3.9152065050649103
0.49030029666602337
0.6765751592085854
0.6378155960632059
0.36371843221655636
0.24482306341195365
0.5445963935616605
0.31432860913679017
0.3578309036375114
0.7923632212631365
0.34965378061106006
0.3203796801763642
0.5024024387451714
0.3174359158868417
1.0345696053066258
0.37500286199305927
0.6034716793521102
0.5264431804429384
0.337551638531912
0.8096987220792135
0.3692788758745433
0.30369834920240346
1.2041631368752268
0.4248833124544126
1.018215359253723
0.5877716031413236
0.3331359920976283
0.5934955892598395
0.33722455361085396
0.5102524768505647
0.45693763471810184
0.2788398952019913
0.8175487601846068
0.19183530620054884
0.5184295998770161
0.3205432226368932
0.2554533233463404
0.9369347563707966
0.26788255034654646
0.7519682335124668
0.234846973319683
0.24204284158296016
0.20933434947715476
0.43093438349398655
0.23828136499079258
0.17368209308182683
0.18300401333198138
0.204755160582342
0.15045906368670497
0.15749138948945315
0.19952180184541315
0.28276491425468797
0.5887528579044977
0.3365703837687379
0.4970055375477135
0.457918889481276
0.48081483395533986
0.17842482443716862
0.2574158328726887
0.24187929912243117
0.3630642623744403
0.2516918467541728
0.6409229028132574
0.313183811913087
0.4379667092967347
0.1591268140947434
0.3759841167562334
0.5550631110355182
0.17335500816076876
0.18316755579251043
0.38923105605908465
0.15634659226574996
0.5506474646012344
0.2355011431617991
0.1360673271601506
0.3499808655321181
0.24204284158296016
0.27475133368876564
0.22846881735905092
0.1607622387000337
0.13426836009433127
0.2938858015706618
0.15144031844987912
0.19248947604266495
0.13034334104163464
0.48081483395533986
1.167693168177254
0.2734429940045334
0.2673919229649594
0.1463705021734793
0.1439173652655439
0.4991315895345909
0.21669376020096096
0.18562069270044582
0.15258511567358232
0.10990053347550625
0.14964135138405985
0.457755347020747
0.5035472359688746
0.14718821447612443
0.13067042596269268
0.18316755579251043
0.11398909498873191
0.18234984348986527
0.17499043276605905
0.11480680729137706
0.13050688350216366
0.20884372209556767
0.6639823897478503
1.2363810015994454
0.13623086962067962
0.13410481763380225
0.17433626292394294
0.17499043276605905
0.19019988159525858
0.13263293548904104
0.11349846760714485
0.29764727816282943
0.29764727816282943
0.29764727816282943
0.43453231762562516
0.20148431137176145
0.11039116085709332
0.08994835329096493
0.08798584376461661
0.21211457130614822
0.14718821447612443
0.3205432226368932
0.13737566684438282
0.13721212438385377
0.11120887315973847
0.08585979177773925
0.2518553892147018
0.2518553892147018
0.29748373570230036
0.11431617990978998
0.09469108464630673
0.11120887315973847
0.19412490064795523
0.17989670658192985
0.17956962166087181
0.1059755144228096
0.10793802394915791
0.14555278987083414
0.08455145209350703
0.1602716113184466
0.343439167110957
0.29764727816282943
0.09109315051466813
0.09125669297519716
0.11104533069920942
0.10990053347550625
0.28211074441257183
0.07081388540906876
0.06868783342219141
0.18643840500309095
0.20606350026657422
0.06852429096166238
0.06836074850113336
0.06836074850113336
0.06787012111954627
0.13410481763380225
0.06737949373795918
0.09485462710683575
0.18316755579251043
0.06852429096166238
0.06852429096166238
0.06836074850113336
0.10499425965963542
0.0855327068566812
0.12543706722576384
0.27475133368876564
0.10139632552799682
0.09158377789625521
0.06868783342219141
0.09158377789625521
0.08765875884355855
0.08471499455403607
0.1499684363051179
0.08929418344884882
0.06541698421161087
0.08831292868567467
0.13737566684438282
0.06868783342219141
0.13737566684438282
0.06868783342219141
0.06868783342219141
0.06868783342219141
0.06508989929055281
0.06459927190896572
0.061982592540501286
0.061819050079972265
0.04579188894812761
0.114479722370319
0.04579188894812761
0.04579188894812761
0.09158377789625521
0.114479722370319
0.13737566684438282
0.04562834648759858
0.06836074850113336
0.045464804027069546
0.04448354926389539
0.043665836961250246
0.04317520957966317
0.04252103973754706
0.04252103973754706
0.042357497277018034
0.042357497277018034
0.041212700053314844
0.060674252856269074
0.09158377789625521
0.09158377789625521
0.09158377789625521
0.09109315051466813
0.045464804027069546
0.045464804027069546
0.04513771910601149
0.08536916439615218
0.08487853701456509
0.08487853701456509
0.10744739656757082
0.04268458219807609
0.08455145209350703
0.06868783342219141
0.06868783342219141
0.09158377789625521
0.06868783342219141
0.06868783342219141
0.04579188894812761
0.04579188894812761
0.04579188894812761
0.04579188894812761
0.04579188894812761
0.04579188894812761
0.04579188894812761
0.06819720604060432
0.08504207947509412
0.06541698421161087
0.06230967746155934
0.04710022863235982
0.058875285790449775
0.058875285790449775
0.04579188894812761
0.04579188894812761
0.04579188894812761
0.04579188894812761
0.04579188894812761
0.04579188894812761
0.04579188894812761
0.04579188894812761
0.04579188894812761
0.04579188894812761
0.04579188894812761
0.04579188894812761
0.04579188894812761
0.04579188894812761
0.04579188894812761
0.04579188894812761
0.045464804027069546
0.045464804027069546
0.045464804027069546
0.04448354926389539
0.04448354926389539
0.04252103973754706
0.04252103973754706
0.042193954816489
0.043665836961250246
0.042848124658605116
0.03957727544802457
0.03957727544802457
0.039250190526966516
0.039250190526966516
0.039250190526966516
0.03892310560590846
0.026166793684644345
0.026003251224115318
0.02583970876358629
0.022895944474063804
0.022895944474063804
0.022895944474063804
0.022895944474063804
0.022895944474063804
0.022895944474063804
0.022895944474063804
0.022895944474063804
0.022895944474063804
0.022895944474063804
0.022895944474063804
0.022895944474063804
0.022895944474063804
0.022895944474063804
0.022895944474063804
0.022895944474063804
0.022895944474063804
0.022895944474063804
0.022895944474063804
0.022895944474063804
0.022895944474063804
0.022895944474063804
0.022895944474063804
0.022895944474063804
0.022895944474063804
0.022895944474063804
0.022895944474063804
0.022895944474063804
0.022895944474063804
0.022895944474063804
0.022895944474063804
0.022895944474063804
0.022895944474063804
0.022895944474063804
0.022895944474063804
0.022895944474063804
0.022895944474063804
0.022895944474063804
0.022895944474063804
0.022895944474063804
0.022895944474063804
0.022732402013534773
0.022732402013534773
0.022732402013534773
0.022732402013534773
0.022732402013534773
0.022732402013534773
0.022732402013534773
0.022732402013534773
0.022568859553005746
0.022568859553005746
0.022568859553005746
0.022405317092476718
0.022405317092476718
0.022405317092476718
0.022241774631947694
0.022241774631947694
0.021424062329302558
0.021424062329302558
0.021424062329302558
0.020933434947715476
0.020606350026657422
0.019952180184541313
0.019788637724012285
0.019788637724012285
0.019625095263483258
0.019625095263483258
0.019625095263483258
0.019625095263483258
0.019625095263483258
0.019625095263483258
0.009812547631741629
0.006541698421161086
0.006541698421161086
0.006541698421161086
0.003270849210580543
0.003270849210580543
0.003270849210580543
0.003270849210580543
0.003270849210580543
0.003107306750051516
0.0029437642895224886
0.000981254763174163
0.0003270849210580543
0.00016354246052902716
0.00016354246052902716
