5820
8987
5446
12624
4640
3440
3439
12098
2658
3479
5212
32900
6595
4070
3689
13341
7138
5269
7616
2938
4180
6141
3816
5012
11776
3613
3217
3656
4534
2570
3117
4337
2093
2373
2096
1873
2954
2937
1960
4440
23940
2998
4137
3900
2224
1497
3330
1922
2188
4845
2138
1959
3072
1941
6326
2293
3690
3219
2064
4951
2258
1857
7363
2598
6226
3594
2037
3629
2062
3120
2794
1705
4999
1173
3170
1960
1562
5729
1638
4598
1436
1480
1280
2635
1457
1062
1119
1252
920
963
1220
1729
3600
2058
3039
2800
2940
1091
1574
1479
2220
1539
3919
1915
2678
973
2299
3394
1060
1120
2380
956
3367
1440
832
2140
1480
1680
1397
983
821
1797
926
1177
797
2940
7140
1672
1635
895
880
3052
1325
1135
933
672
915
2799
3079
900
799
1120
697
1115
1070
702
798
1277
4060
7560
833
820
1066
1070
1163
811
694
1820
1820
1820
2657
1232
675
550
538
1297
900
1960
840
839
680
525
1540
1540
1819
699
579
680
1187
1100
1098
648
660
890
517
980
2100
1820
557
558
679
672
1725
433
420
1140
1260
419
418
418
415
820
412
580
1120
419
419
418
642
523
767
1680
620
560
420
560
536
518
917
546
400
540
840
420
840
420
420
420
398
395
379
378
280
700
280
280
560
700
840
279
418
278
272
267
264
260
260
259
259
252
371
560
560
560
557
278
278
276
522
519
519
657
261
517
420
420
560
420
420
280
280
280
280
280
280
280
417
520
400
381
288
360
360
280
280
280
280
280
280
280
280
280
280
280
280
280
280
280
280
278
278
278
272
272
260
260
258
267
262
242
242
240
240
240
238
160
159
158
140
140
140
140
140
140
140
140
140
140
140
140
140
140
140
140
140
140
140
140
140
140
140
140
140
140
140
140
140
140
140
140
140
140
140
140
140
140
140
140
140
139
139
139
139
139
139
139
139
138
138
138
137
137
137
136
136
131
131
131
128
126
122
121
121
120
120
120
120
120
120
60
40
40
40
20
20
20
20
20
19
18
6
2
1
1
